1973 1974 1975 1976 1977 1978 1979 1980 1981 1982 1983 1984 1985 1986 1987 1988 1989 1990 1991 1992 1993 1994 1995 1996 1997 1998 1999 2000 2001 2002 2003 2004 2005 2006 2007 2008 2009 2010 2011 2012 2013 2014 2015 2016 2017 2018 2019 2020 2021 2022 2023 2024
Nov-10    NA    NA    NA    NA    NA    NA    NA    NA    NA    NA    NA    NA    NA    NA    NA    NA    NA    NA    NA    NA    NA    NA    NA    NA    NA    NA    NA    NA    NA    NA    NA    NA    NA    NA    NA    NA    NA    NA    NA    NA    NA    NA    NA    NA    NA    NA    NA   0.0    NA    NA    NA    NA
Nov-11    NA    NA    NA    NA    NA    NA    NA    NA    NA    NA    NA    NA    NA    NA    NA    NA    NA    NA    NA    NA    NA    NA    NA    NA    NA    NA    NA    NA    NA    NA    NA    NA    NA    NA    NA    NA    NA    NA    NA    NA    NA    NA    NA    NA    NA    NA    NA   0.0    NA    NA    NA    NA
Nov-12    NA    NA    NA    NA    NA    NA    NA    NA    NA    NA    NA    NA    NA    NA    NA    NA    NA    NA    NA    NA    NA    NA    NA    NA    NA    NA    NA    NA    NA    NA    NA    NA    NA    NA    NA    NA    NA    NA    NA    NA    NA    NA    NA    NA    NA    NA    NA   0.1    NA    NA    NA    NA
Nov-13    NA    NA    NA    NA    NA    NA    NA    NA    NA    NA    NA    NA    NA    NA    NA    NA    NA    NA    NA    NA    NA    NA    NA    NA    NA    NA    NA    NA    NA    NA    NA    NA    NA    NA    NA    NA    NA    NA    NA    NA    NA    NA    NA    NA    NA    NA    NA   0.1    NA    NA    NA    NA
Nov-14    NA    NA    NA    NA    NA    NA    NA    NA    NA    NA    NA    NA    NA    NA    NA    NA    NA    NA    NA    NA    NA    NA    NA    NA    NA    NA    NA    NA    NA    NA    NA    NA    NA    NA    NA    NA    NA    NA    NA    NA    NA    NA    NA    NA    NA    NA    NA   0.2    NA    NA    NA    NA
Nov-15    NA    NA    NA    NA    NA    NA    NA    NA    NA    NA    NA    NA    NA    NA    NA    NA    NA    NA    NA    NA    NA    NA    NA    NA    NA    NA    NA    NA    NA    NA    NA    NA    NA    NA    NA    NA    NA    NA    NA    NA    NA    NA   0.0    NA    NA    NA   0.0   0.3    NA    NA    NA    NA
Nov-16    NA    NA    NA    NA    NA    NA    NA    NA    NA    NA    NA    NA    NA    NA    NA    NA    NA    NA    NA    NA    NA    NA    NA    NA    NA    NA    NA    NA    NA    NA    NA    NA    NA    NA    NA    NA    NA    NA    NA    NA    NA    NA   0.1    NA    NA    NA   0.0   0.3    NA    NA    NA    NA
Nov-17    NA    NA    NA    NA    NA    NA    NA    NA    NA    NA    NA    NA    NA    NA    NA    NA    NA    NA    NA    NA    NA    NA    NA   0.0    NA    NA    NA    NA    NA    NA    NA    NA    NA    NA    NA    NA    NA    NA    NA    NA    NA    NA   0.2    NA    NA    NA   0.1   0.7    NA    NA    NA    NA
Nov-18    NA    NA    NA    NA    NA    NA    NA    NA    NA    NA    NA    NA    NA    NA    NA    NA    NA    NA    NA    NA    NA    NA    NA   0.0    NA    NA    NA    NA    NA    NA    NA    NA    NA    NA    NA    NA    NA    NA    NA    NA    NA    NA   0.2    NA    NA    NA   0.2   0.4    NA    NA    NA    NA
Nov-19    NA    NA    NA    NA    NA    NA    NA    NA    NA    NA    NA    NA    NA    NA    NA    NA    NA    NA    NA    NA    NA    NA    NA   0.0    NA    NA    NA    NA    NA    NA    NA    NA    NA    NA    NA    NA    NA    NA    NA    NA    NA    NA   0.4    NA    NA    NA   0.2   0.3    NA    NA   0.2    NA
Nov-20    NA    NA    NA    NA    NA    NA    NA    NA    NA    NA    NA    NA    NA    NA    NA    NA    NA    NA    NA    NA    NA    NA    NA   0.0    NA    NA    NA    NA    NA    NA    NA    NA    NA    NA    NA    NA    NA    NA    NA    NA    NA    NA   0.5    NA    NA    NA   0.2   0.4    NA    NA   0.1    NA
Nov-21    NA    NA    NA    NA    NA    NA    NA    NA    NA    NA    NA    NA    NA    NA    NA    NA    NA    NA    NA    NA    NA    NA    NA   0.0    NA    NA    NA    NA    NA    NA    NA    NA    NA    NA    NA    NA    NA    NA    NA    NA    NA    NA   0.6    NA    NA    NA   0.3   0.5    NA    NA   0.1    NA
Nov-22    NA    NA    NA    NA    NA    NA    NA    NA    NA    NA    NA    NA    NA    NA    NA    NA    NA    NA    NA    NA    NA    NA    NA   0.0    NA    NA    NA    NA    NA    NA    NA    NA    NA    NA    NA    NA    NA    NA    NA    NA    NA    NA   0.9    NA    NA    NA   0.4   0.4   0.1    NA   0.1    NA
Nov-23    NA    NA    NA    NA    NA    NA    NA    NA    NA    NA    NA    NA    NA    NA    NA    NA    NA    NA    NA    NA    NA    NA    NA   0.0    NA    NA    NA    NA    NA    NA    NA    NA    NA    NA    NA    NA    NA    NA    NA    NA    NA    NA   0.6    NA    NA    NA   0.6   0.5   0.1    NA   0.2    NA
Nov-24    NA    NA    NA    NA    NA    NA    NA    NA    NA    NA    NA    NA    NA    NA    NA    NA    NA    NA    NA    NA    NA    NA    NA   0.0    NA    NA    NA    NA    NA    NA    NA    NA    NA    NA    NA    NA    NA    NA    NA    NA    NA   0.2   0.6    NA    NA    NA   0.5   0.6   0.1    NA   0.2    NA
Nov-25    NA    NA    NA    NA    NA    NA    NA    NA    NA    NA    NA    NA    NA    NA    NA    NA    NA    NA    NA    NA    NA    NA    NA   0.0    NA    NA    NA    NA    NA    NA    NA    NA    NA    NA    NA    NA    NA    NA    NA    NA    NA   0.2   0.6    NA    NA    NA   0.4   0.4   0.1    NA   0.2   0.0
Nov-26    NA    NA    NA    NA    NA    NA    NA    NA    NA    NA    NA    NA    NA    NA    NA    NA    NA    NA    NA    NA    NA    NA    NA   0.0   0.0    NA    NA    NA    NA    NA    NA    NA    NA    NA    NA   0.0    NA    NA    NA    NA    NA   0.2   0.4    NA    NA    NA   0.3   0.4   0.1    NA   0.2   0.1
Nov-27    NA    NA    NA    NA    NA    NA    NA    NA    NA    NA    NA    NA    NA    NA    NA    NA    NA    NA    NA    NA    NA    NA    NA   0.0   0.0    NA    NA    NA    NA    NA    NA    NA    NA    NA    NA   0.0    NA    NA    NA    NA    NA   0.2   0.5   0.0    NA    NA   0.3   0.2   0.1   0.1   0.1   0.0
Nov-28    NA    NA    NA    NA    NA    NA    NA    NA    NA    NA    NA    NA    NA    NA    NA    NA    NA    NA    NA    NA    NA    NA    NA   0.0   0.0    NA    NA    NA    NA    NA    NA    NA    NA   0.0    NA   0.1    NA    NA    NA    NA    NA   0.4   0.5   0.0    NA    NA   0.3   0.2   0.1   0.0   0.1   0.1
Nov-29    NA    NA    NA    NA    NA    NA    NA    NA    NA    NA    NA    NA    NA    NA    NA    NA    NA    NA    NA    NA    NA    NA    NA   0.0   0.0    NA    NA    NA    NA    NA    NA    NA    NA   0.0    NA   0.1    NA    NA    NA   0.4   0.4   1.3   0.7   0.0    NA   0.2   0.5   0.2   0.1   0.1   0.1   0.2
Nov-30    NA    NA    NA    NA    NA    NA    NA    NA    NA    NA    NA    NA    NA    NA    NA    NA    NA    NA    NA    NA    NA    NA    NA   0.0   0.0    NA    NA    NA    NA    NA    NA    NA    NA   0.0    NA   0.3    NA    NA    NA   0.2   0.3   1.6   0.9   0.0    NA   0.2   0.6   0.2   0.1   0.1   0.0   0.3
Dec-01    NA    NA    NA    NA    NA    NA    NA    NA    NA    NA    NA    NA    NA    NA    NA    NA    NA    NA    NA    NA    NA    NA    NA   0.0   0.3    NA    NA    NA   0.1    NA    NA   0.1    NA   0.2    NA   0.6    NA    NA    NA   0.0   0.3   1.5   0.7   0.1    NA   0.2   0.5   0.2   0.1   0.1   0.1   0.4
Dec-02    NA    NA    NA    NA    NA    NA    NA    NA    NA    NA    NA    NA    NA    NA    NA    NA    NA    NA    NA    NA    NA    NA    NA   0.0   0.4   0.0    NA    NA   0.1    NA   0.6   0.3   0.1   0.2    NA   0.8    NA    NA   0.1   0.1   0.2   1.0   0.7   0.0    NA   0.2   0.4   0.4   0.1   0.1   0.1   0.4
Dec-03    NA    NA    NA    NA    NA    NA    NA    NA    NA    NA    NA    NA    NA    NA    NA    NA    NA    NA    NA    NA    NA   0.3    NA   0.0   0.6   0.0    NA   0.0   0.2   0.0   1.1   0.4   0.1   0.3    NA   1.0    NA    NA   0.1   0.0   0.2   0.8   1.1   0.0    NA   0.2   0.4   0.4   0.1   0.1   0.1   0.4
Dec-04    NA    NA    NA    NA    NA    NA    NA    NA    NA    NA    NA    NA    NA    NA    NA    NA    NA    NA    NA    NA    NA   0.2    NA   0.4   0.7   0.0    NA   0.0   0.2   0.0   1.6   0.4   0.2   0.3   0.2   1.3    NA    NA   0.2   0.0   0.2   0.7   1.1   0.0    NA   0.1   0.5   0.3   0.1   0.1   0.2   0.4
Dec-05    NA    NA    NA    NA    NA    NA    NA    NA    NA    NA    NA    NA    NA    NA    NA    NA    NA    NA    NA    NA    NA   0.2    NA   0.4   0.7   0.0    NA   0.0   0.2   0.0   2.1   0.4   0.2   0.3   0.3   2.5    NA    NA   0.2   0.1   0.2   1.0   1.1   0.0    NA   0.1   0.5   0.3   0.1   0.2   0.3   0.3
Dec-06    NA    NA    NA    NA    NA    NA    NA    NA    NA    NA    NA    NA    NA    NA    NA    NA    NA    NA    NA   2.0    NA   0.2    NA   0.4   0.6   0.0    NA   0.0   0.7   0.0   2.1   0.3   0.2   0.9   0.4   2.8    NA    NA   0.3   0.3   0.2   0.9   1.1   0.0    NA   0.1   0.6   0.4   0.2   0.3   0.3   0.3
Dec-07    NA    NA    NA    NA    NA    NA    NA    NA    NA    NA    NA    NA    NA    NA    NA    NA    NA    NA    NA   1.9    NA   0.2    NA   1.1   0.6   0.0    NA   0.0   1.2   0.0   2.1   0.3   0.2   1.5   0.5   2.8    NA   0.2   0.3   0.2   0.2   1.0   1.7   0.0    NA   0.2   1.3   0.4   0.2   0.3   0.4   0.3
Dec-08    NA    NA    NA    NA    NA    NA    NA    NA    NA    NA    NA    NA    NA    NA    NA    NA    NA    NA    NA   3.0    NA   0.3    NA   1.9   0.5   0.0    NA   0.0   1.6   0.0   2.1   0.3   0.2   2.1   0.6   2.9   2.8   0.2   0.9   0.2   0.2   1.1   1.5   0.0    NA   0.2   1.4   0.4   0.2   0.5   0.4   0.2
Dec-09    NA    NA    NA    NA    NA    NA    NA    NA    NA    NA    NA    NA    NA    NA    NA    NA    NA    NA    NA   3.1    NA   0.3   0.2   3.1   0.5   0.1    NA   0.0   2.0   0.0   2.1   0.4   0.2   2.3   0.6   2.7   2.8   0.1   1.4   0.2   0.4   2.8   1.6   0.0    NA   0.3   1.8   0.6   0.1   0.5   0.4   0.2
Dec-10    NA    NA    NA    NA    NA    NA    NA    NA    NA    NA    NA    NA    NA    NA    NA    NA    NA    NA    NA   2.9    NA   0.3   0.3   4.3   0.5   0.2    NA   0.0   2.4   0.0   2.0   0.5   0.2   2.5   0.7   2.7   2.9   0.4   1.6   0.3   0.4   4.1   1.6   0.0    NA   0.4   1.8   0.7   0.2   0.5   0.4   0.1
Dec-11    NA    NA    NA    NA    NA    NA    NA    NA    NA    NA    NA    NA    NA    NA    NA    NA    NA    NA    NA   2.7    NA   0.3   0.4   5.5   0.5   0.2    NA   0.0   2.8   0.1   1.9   0.6   0.2   2.7   0.7   2.9   2.9   0.6   1.7   0.3   0.3   5.2   1.8   0.0   0.0   0.8   2.0   1.1   0.2   0.7   0.5   0.1
Dec-12    NA    NA    NA    NA    NA    NA    NA    NA    NA    NA    NA    NA    NA    NA    NA    NA    NA    NA    NA   2.6    NA   0.3   0.4   5.8   0.5   0.2    NA   0.1   3.3   0.1   1.8   0.7   0.2   2.8   0.7   3.3   3.3   1.2   1.9   0.6   0.4   7.6   1.8   0.0   0.0   1.2   1.8   1.4   0.2   0.7   0.5   0.1
Dec-13    NA    NA    NA    NA    NA    NA    NA    NA    NA    NA    NA    NA    NA    NA    NA    NA    NA   2.0    NA   2.5    NA   0.3   0.4   6.1   0.5   0.2    NA   0.1   3.8   0.2   1.8   1.0   0.3   3.4   0.6   3.5   4.6   1.5   2.1   0.5   0.4   9.4   1.8   0.0   0.0   1.9   1.8   1.6   0.2   1.0   0.4   0.1
Dec-14    NA    NA    NA    NA    NA    NA    NA    NA    NA    NA    NA    NA    NA   3.4    NA    NA   1.6   2.9    NA   2.7   0.2   0.3   0.5   6.3   0.5   0.2    NA   0.1   4.3   0.2   1.8   1.1   0.5   4.1   0.5   3.9   4.9   1.7   2.2   0.4   0.4  10.2   1.4   0.0   0.0   3.0   1.6   1.7   0.3   0.6   0.5   0.3
Dec-15    NA    NA    NA    NA    NA    NA    NA    NA    NA    NA    NA    NA    NA   5.2    NA    NA   1.6   3.8    NA   2.8   0.2   0.3   0.5   6.6   0.5   0.2   0.1   0.2   4.6   0.3   1.8   1.3   0.7   4.7   0.5   5.0   5.2   2.2   4.1   0.4   0.7   9.3   1.3   0.0   0.0   4.3   1.5   1.8   0.4   0.5   0.5   0.3
Dec-16    NA    NA    NA    NA  17.5    NA    NA    NA    NA    NA    NA    NA    NA   6.5    NA    NA   1.8   4.3    NA   3.1   0.2   0.3   0.6   6.9   0.6   0.1   0.1   0.3   4.9   0.3   2.0   1.5   0.9   4.6   0.4   5.4   5.9   3.3   5.9   0.4   0.7  12.3   1.3   0.0   0.0   4.8   1.2   1.9   0.5   0.3   0.5   0.2
Dec-17    NA    NA    NA    NA  18.4    NA    NA    NA    NA    NA    NA    NA    NA   7.8    NA    NA   1.7  14.6    NA   3.5   0.2   0.3   0.5   7.1   0.6   0.2   0.1   0.4   5.3   0.3   1.8   1.7   1.5   4.5   0.4   5.9   6.5   3.7   6.0   0.5   0.6  13.4   1.2   0.0   0.0   5.3   1.3   1.7   0.6   0.3   0.6   0.2
Dec-18    NA    NA    NA    NA  18.8    NA   2.8    NA    NA    NA    NA    NA    NA   9.1    NA    NA   1.6  16.8    NA   3.8   0.2   0.2   0.5   7.3   0.6   0.2   0.1   0.4   5.6   0.4   1.7   1.9   2.1   4.3   0.3   5.6   7.0   3.7   8.1   0.6   0.3  11.2   1.1   0.0   0.0   3.1   1.2   2.7   0.8   0.3   0.8   0.2
Dec-19    NA    NA    NA    NA  19.4    NA   2.5    NA    NA    NA    NA    NA    NA  10.4    NA    NA   1.5  18.0    NA   4.3   0.2   0.2   0.4   7.5   0.5   0.2   0.2   0.5   6.0   0.4   1.7   1.9   2.7   4.2   0.4   4.8   8.1   3.8   6.0   0.4   0.4  10.3   1.3   0.0   0.0   2.1   1.3   3.7   1.0   0.3   0.7   0.4
Dec-20  10.5    NA    NA    NA  19.9    NA   2.3    NA    NA    NA    NA   8.2    NA  11.6    NA    NA   1.5  19.3    NA   4.8   0.4   0.2   0.4   7.7   0.5   0.4   0.4   0.5   6.3   0.4   1.8   1.9   3.2   4.1   0.4   4.4   9.7   3.7   7.1   0.4   0.4  10.9   1.9   0.2   0.0   2.7   1.3   3.8   0.9   0.5   1.0   0.4
Dec-21  11.9    NA    NA    NA  20.4   3.6   2.0    NA    NA   0.9   0.6   9.3    NA  12.9    NA    NA   1.4  21.6    NA   4.7   0.7   0.2   0.4   8.0   0.4   0.5   0.5   0.5   6.7   0.4   1.9   1.9   4.0   5.2   0.4   4.2  10.5   3.7   8.1   0.4   0.5  10.9   4.5   0.2   0.0   3.7   1.4   4.4   0.8   0.6   1.4   0.4
Dec-22  11.6    NA    NA    NA  20.9   5.4   1.7    NA    NA   1.1   0.6  10.0   0.7  14.9    NA    NA   1.4  23.8    NA   4.7   0.9   0.2   0.4   8.1   0.3   0.6   0.6   1.1   8.8   0.4   1.9   2.0   4.7   6.2   0.4   4.5  11.6   3.7   7.6   0.3   0.4   9.6   4.6   0.2   0.0   3.6   1.1   3.0   0.7   0.8   2.2   1.2
Dec-23  10.9    NA    NA  10.0  21.1   6.6   1.5    NA    NA   1.2   0.6  10.8   2.5  16.0    NA    NA   1.4  26.0    NA   4.6   1.3   0.6   0.4   8.1   1.0   0.7   0.8   1.6  11.0   0.3   2.0   2.2   5.3   6.2   0.4   4.1  11.9   3.6   5.3   0.3   0.5   9.1   3.3   0.2   0.0   3.2   1.7   2.6   0.6   1.2   2.4   0.4
Dec-24  10.6    NA    NA  10.5  24.1   7.8   1.2    NA   9.6   1.3   0.7  11.5   4.0  17.1    NA    NA   1.8  28.1    NA   5.3   1.8   1.1   0.4   8.1   1.6   0.8   0.9   2.1  13.1   0.2   2.1   2.6   6.4   6.2   0.4   3.9  12.5   3.6   5.7   0.5   0.5   9.5   1.9   0.2   0.2   2.8   2.1   2.5   0.7   1.6   3.9   0.4
Dec-25   9.8    NA    NA  10.4  25.8   9.0   0.8    NA  14.3   1.4   0.7  12.3   5.5  18.2    NA    NA   2.0  29.5    NA   5.1   2.2   1.6   0.4   8.2   2.2   0.9   1.1   2.3  15.2   0.7   2.2   2.9   7.4   6.0   0.4   4.2  12.9   3.5   5.8   0.5   0.9  14.5   1.4   0.3   0.3   4.0   1.6   2.4   1.1   1.5   6.1   0.4
Dec-26   9.1    NA    NA  10.8  27.6  10.3   2.6    NA  17.0   1.5   0.7  13.0   6.5  19.3    NA    NA   3.7  31.1    NA   5.0   3.0   2.0   0.4   8.8   2.3   1.0   1.6   2.5  15.8   1.1   2.2   2.6   8.3   5.9   0.4   4.6  11.6   3.4   6.1   0.4   1.3  13.3   1.2   0.2   0.4   5.9   2.0   2.2   1.3   1.4   7.0   0.2
Dec-27   8.7    NA    NA  11.1  29.5  11.5   3.7    NA  19.6   1.6   0.7  13.7   8.0  20.5   1.8    NA   4.2  32.6    NA   4.9   4.0   4.6   0.4   9.4   2.3   1.0   2.2   2.7  16.2   1.5   2.5   2.4   9.2   5.4   0.4   4.9  10.5   3.0   5.6   0.6   1.5  13.2   1.3   0.2   0.6   9.2   2.5   1.9   2.4   1.4   6.8   0.2
Dec-28   8.0    NA    NA  11.5  31.3  12.7   4.8    NA  22.3   1.7   1.3  16.6   7.1  21.4   4.1    NA   4.5  33.3   0.6   4.4   4.7   6.8   0.4  10.1   2.4   1.0   2.7   3.0  16.6   1.6   2.8   2.0   9.0   4.9   0.4   4.9   8.9   2.8   7.6   0.8   1.8   9.4   1.0   0.3   1.7  12.3   2.2   1.6   1.7   1.3   6.4   0.2
Dec-29   9.6    NA    NA  11.4  33.1  13.6   5.9    NA  24.9   1.8   1.6  18.5   8.9  22.7   4.1    NA   5.4  34.1   0.9   3.9   4.9   8.8   0.5  10.7   2.5   1.0   3.3   3.6  18.4   1.7   3.0   1.7   8.7   4.3   0.5   5.1   7.6   3.6   8.2   1.5   2.6   9.5   1.1   0.4   3.5  16.4   2.4   1.7   2.0   1.3   4.8   0.2
Dec-30  10.1    NA    NA   9.1  34.8  14.2   7.0    NA  27.7   2.5   1.9  20.4  10.1  23.5   3.6    NA   6.2  33.8   1.1   3.4   5.2  10.6   0.6  10.9   4.5   1.0   3.5   4.3  20.1   1.7   3.2   1.9   8.3   4.5   0.5   4.9   8.6   5.0   8.3   1.8   2.5  10.0   1.8   0.4   4.0  14.4   3.2   1.3   2.2   1.8   3.9   0.2
Dec-31  10.6   5.5    NA   9.3  36.7  14.7   8.1    NA  30.4   3.0   2.2  22.4  11.3  24.2   3.0    NA   6.7  33.5   1.5   3.8   5.0  12.5   0.6  11.0   6.5   2.1   3.7   4.9  21.7   1.7   3.6   2.0   7.5   4.8   0.5   4.8   9.8   5.7   7.6   1.9   2.7  16.1   2.7   0.6   3.8  18.1   3.7   1.3   1.7   2.0   4.1   0.2
Jan-01  11.1   9.7    NA   9.3  38.0  15.3   9.2    NA  32.9   3.5   2.5  24.3  12.5  25.0   2.5    NA   7.2  33.2   1.8   3.8   4.9  14.5   0.6  11.2   8.5   3.0   4.0   4.8  23.2   2.7   3.9   2.1   6.8   4.9   0.6   5.2  10.4   6.6   6.7   1.8   2.3  19.6   5.4   0.7   4.2  19.3   3.9   1.5   2.8   2.3   4.1   0.4
Jan-02  11.5  12.4   1.6   9.4  39.4  15.9  13.6   5.9  35.6   4.0   2.8  26.3  13.6  25.8   2.5    NA   8.4  33.4   2.1   3.6   4.6  16.3   0.6  11.8   8.1   4.0   5.5   4.6  22.9   3.5   4.2   2.1   6.0   5.1   0.5   5.9  11.7   7.8   6.0   1.5   2.9  26.0   5.6   0.6   5.2  20.3   5.3   1.5   2.8   2.3   3.8   0.4
Jan-03  13.9  15.4   1.9   9.5  40.8  16.4  16.3   6.2  38.2   4.5   3.1  28.2  14.8  26.5   2.0   2.6   9.7  33.7   2.1   3.5   4.1  18.3   1.5  12.4   7.6   3.6   7.0   4.4  22.2   4.4   5.2   2.2   5.0   4.7   0.5   6.2  13.4   9.6   6.2   3.5   4.0  35.4   6.8   0.6   5.1  22.2   5.3   1.7   2.3   5.2   3.5   0.3
Jan-04  15.6  18.1   2.1   9.6  42.1  16.8  19.2   6.1  41.0   4.9   2.9  27.3  16.0  27.2   3.1   8.3  10.9  32.9   2.1   3.3   4.5  19.1   2.3  16.4   7.1   3.2   8.5   4.3  21.6   4.3   6.2   2.0   6.5   4.3   0.4   5.8  14.2  10.5   7.1   3.1   3.5  27.6   8.5   0.7   4.4  21.6   3.7   1.4   2.3   3.5   3.5   0.4
Jan-05  18.0  21.1   2.3   9.6  43.4  18.2  22.0   6.1  43.6   7.7   2.7  26.4  17.1  26.5   3.1  12.3  12.4  32.1   3.1   2.9   5.2  19.7   3.0  20.3   6.7   2.8  10.0   4.5  22.0   4.3   7.2   2.1   7.9   3.7   0.4   5.6  15.5  11.6   6.2   3.0   4.1  22.2   8.2   1.1   3.0  28.0   3.0   1.3   2.0   3.4   3.0   0.7
Jan-06  20.4  23.7   2.5   9.2  44.6  19.1  24.9   6.2  46.3   9.7   2.6  25.4  18.6  25.6   2.7  16.4  13.8  32.5   9.6   3.2   5.9  21.1   3.8  22.5   6.7   2.4  11.9   4.6  22.5   4.1   8.2   5.0   9.2   4.5   0.4   5.0  15.9  12.1   9.4   2.7   4.5  23.6  10.7   1.8   3.0  29.5   3.1   1.3   2.1   4.0   3.1   1.0
Jan-07  22.7  26.8   2.8  14.5  47.6  20.0  27.7   6.2  48.9  11.7   2.4  24.5  19.6  24.6   2.3  20.3  14.9  32.6  11.9   3.5   6.8  22.5   4.3  24.8   6.8   2.2  13.8   4.7  22.9   4.0   7.7   8.3   9.3   5.1   0.3   4.5  17.1  12.9   8.6   2.2   3.4  31.4  11.5   2.2   3.1  29.2   3.1   1.5   2.0   7.1   3.1   1.1
Jan-08  24.5  29.4   2.9  16.8  49.8  20.9  30.6   6.1  48.9  13.6   2.2  23.6  20.6  23.6   2.0  24.4  15.9  32.6  13.6   3.9   7.5  24.0   4.7  27.1   6.8   2.1  15.8   4.8  23.0   4.6   7.2  11.3   9.5   5.7   0.3   4.3  17.6  12.8   9.6   2.3   2.7  38.6  13.9   2.1   2.8  26.4   3.1   1.8   2.8   9.8   3.4   1.7
Jan-09  23.5  31.7   2.6  18.6  52.1  21.8  34.2   6.1  48.4  15.6   2.1  22.6  21.6  22.6   1.9  28.4  15.3  31.9  15.3   4.3   8.8  25.4   5.1  29.4   6.9   1.9  16.3   4.9  22.9   5.2   6.6  11.5   9.6   6.2   0.4   3.9  19.3  12.1  11.6   2.1   2.3  41.2  18.5   1.5   2.7  20.6   3.6   1.8   3.1   7.1   3.5   1.2
Jan-10  25.6  34.4   4.3  20.5  54.2  22.7  36.7   6.2  48.0  17.6   1.9  21.0  22.6  21.7   1.4  32.5  17.2  31.0  16.5   4.9   9.6  26.7   6.2  31.7   7.0   2.7  16.9   4.9  22.7   5.7   8.0  11.7   9.5   5.7   0.5   3.6  21.4  11.9  14.5   1.8   2.2  42.3  14.9   1.4   2.4  18.4   4.0   1.8   2.4   6.8   3.1   1.1
Jan-11  25.4  33.8   5.5  22.3  56.5  23.5  39.2   6.2  47.6  19.5   1.5  25.4  23.6  20.0   2.6  31.2  19.1  30.2  17.8   5.3  10.6  28.3   7.3  33.9   7.0   3.4  17.4   5.1  22.3   4.9   9.4  11.6   9.9   5.1   0.6   3.8  22.6  16.0  17.6   1.8   2.0  38.0  19.5   1.7   2.8  17.6   6.8   3.0   2.7  13.4   3.0   1.2
Jan-12  24.5  33.0   6.6  24.7  58.5  27.3  41.6   6.3  47.3  25.3   4.5  28.6  24.5  22.1   3.2  29.8  18.2  29.5  19.8   5.7  12.3  29.3   6.9  36.2   7.1   4.1  18.0   6.3  23.3   4.0  10.7  11.8  10.2   4.4   0.9   4.1  24.2  17.5  16.5   1.9   2.5  27.8  22.1   3.8   2.0  16.6   8.0   5.9   2.1   9.6   3.1   1.5
Jan-13  23.6  32.2   7.7  26.5  61.1  30.1  44.1   6.3  46.8  29.3   6.3  31.6  25.6  23.5   3.9  28.3  17.1  29.0  21.8   6.8  13.9  32.2   6.5  33.7   7.4   4.9  20.9   7.5  24.3   3.1  12.0  14.6  10.3   4.5   1.1   3.9  28.4  16.8  16.3   2.6   2.4  19.2  24.9   4.3   2.1  24.4   7.9   6.3   1.9  11.3   2.9   2.4
Jan-14  22.7  31.3   8.8  26.8  62.7  33.0  46.6   6.4  45.9  33.4   8.2  34.7  26.2  24.9   4.7  26.9  16.8  28.0  22.8   7.6  14.2  34.9   6.1  31.1   7.6   7.0  23.7   8.8  25.3   2.2  13.4  17.1  11.8   4.6   1.3   4.1  33.8  16.5  18.4   2.9   2.7  20.8  29.0   5.9   2.1  29.5   9.6   5.3   2.1  11.7   5.7   3.7
Jan-15  22.5  30.5  10.0  26.8  64.4  35.8  49.0   6.4  46.6  37.3  10.1  37.6  26.9  26.3   5.4  25.4  16.0  28.5  22.6   8.4  14.5  37.8   5.8  28.5   7.9   9.1  26.6   9.1  26.2   2.5  14.8  19.7  13.2   4.7   1.5   4.5  37.9  16.3  19.9   3.6   2.3  24.0  33.9   6.2   2.2  31.8   9.3   5.2   1.8  14.7   6.4   4.2
Jan-16  21.5  29.8  10.9  26.8  66.2  38.7  49.0   6.3  46.9  41.4  12.0  40.9  27.6  27.7   6.0  24.0  16.8  28.8  22.5  10.1  14.4  40.6   5.4  30.5  10.3  11.2  24.2   9.4  23.7   2.7  16.2  19.2  14.4   4.8   2.8   5.0  39.4  14.9  18.8   5.4   2.8  24.2  33.8   6.4   2.6  35.2   8.8   5.8   1.5  15.2   5.7   6.9
Jan-17  20.3  28.3  12.4  26.9  67.9  41.5  48.9   6.9  47.0  45.4  13.8  43.9  28.4  29.0   5.6  21.7  17.1  29.3  21.5  11.8  14.3  43.4   5.3  32.4  12.9  11.1  21.9   9.6  21.1   3.0  18.2  18.9  15.6   5.5   4.1   5.4  41.8  13.8  22.0   4.0   3.0  24.6  23.5   6.4   3.1  32.7  11.3  11.5   1.3  14.3   4.0   8.8
Jan-18  18.7  27.0  13.8  26.9  69.6  44.3  48.8   7.3  47.2  49.4  15.7  46.9  29.0  30.4   8.0  21.4  17.5  28.9  20.6  12.9  14.2  44.0   5.1  29.3  15.3  11.0  19.7  10.0  18.3   3.7  20.0  18.4  17.8   6.0   5.3   8.1  42.4  12.3  22.4   5.8   5.8  29.2  26.9   9.5   4.5  27.2  10.7   9.4   1.8  14.9   3.7   9.5
Jan-19  17.1  25.4  15.3  26.9  71.1  43.4  48.8   7.7  47.4  49.5  16.4  44.4  29.6  31.3   9.6  20.8  16.5  28.4  20.0  13.9  14.5  44.2   5.2  26.2  17.8  10.8  17.2  12.9  20.9   4.4  21.8  17.6  19.6   6.5   5.8  11.2  44.3  11.0  20.0   6.3   6.4  32.6  22.4   9.6   8.5  25.9  16.1  10.1   1.9  11.4   3.2  12.3
Jan-20  15.5  23.9  16.7  26.8  72.5  42.3  48.7   8.1  47.7  49.3  16.6  41.8  31.2  31.9  11.5  20.0  15.6  29.8  19.2  15.6  14.8  47.8   5.2  30.5  19.7  10.7  17.0  15.9  23.3   5.0  23.6  20.3  21.3   6.3   6.3  13.5  43.2  12.8  24.3  11.3   6.3  33.6  24.3  11.9  10.7  20.1  18.5  11.3   3.9  16.2   4.4  13.8
Jan-21  13.9  22.2  18.2  28.6  73.4  41.2  48.6   8.5  47.5  49.0  16.8  39.2  32.1  32.5  13.3  19.4  15.8  31.0  21.0  17.0  14.6  51.2   5.2  34.6  21.6  11.1  16.6  18.9  25.7   5.7  25.1  22.4  24.5   6.1   6.6  15.8  41.8  14.0  25.1  12.3   6.4  53.9  29.8  14.5  10.5  20.0  21.9  11.8   2.4  21.9   4.5  14.1
Jan-22  12.3  20.6  19.6  29.6  74.4  40.2  47.6   9.0  46.9  48.8  17.0  36.6  33.2  33.0  15.2  18.6  15.9  31.6  23.3  18.5  14.3  51.7   5.3  38.9  23.5  11.4  16.4  19.5  28.0   4.9  26.5  24.5  27.4   5.9   7.0  15.7  39.8  13.2  25.4  12.9  12.8  58.5  32.0  15.2  11.7  20.2  26.1  10.3   3.0  21.9   5.6  16.0
Jan-23  10.7  18.2  20.5  31.0  75.4  39.2  47.0   9.4  46.0  48.5  17.2  34.0  34.2  33.6  16.8  18.0  15.5  30.3  25.5  19.9  14.3  52.1   5.2  34.6  26.4  11.7  15.7  20.1  26.2   4.2  27.9  27.9  30.1   5.5   8.0  15.6  42.7  12.8  28.5   9.8  16.0  59.6  33.6  15.5  12.6  20.3  20.6  10.3   5.1  20.2   6.2  12.3
Jan-24  12.6  18.3  21.0  32.5  76.5  38.1  46.0   9.7  45.1  48.3  17.4  30.5  35.3  34.2  17.5  16.9  15.3  28.9  28.3  21.2  14.1  52.6   6.2  30.3  29.1  12.0  15.0  20.8  24.4   3.4  29.7  31.3  32.8   5.8   8.8  15.1  46.5  11.3  33.4   7.6  17.4  57.8  27.1  15.0  13.0  24.2  18.4   7.8   9.1  21.8   4.5  12.0
Jan-25  14.4  17.9  21.2  34.0  77.4  36.5  45.0  14.1  44.2  47.6  17.1  33.2  36.3  34.5  19.0  17.6  14.9  27.0  31.0  22.4  14.3  55.8   6.9  28.0  32.0  12.4  14.2  21.4  22.5   3.6  31.7  34.5  33.3   5.9   9.6  16.0  49.0  10.5  33.1   7.8  18.9  42.4  22.3  14.6  11.8  27.5  24.4   6.6   7.7  23.5   4.6  10.5
Jan-26  16.3  17.5  21.5  35.0  78.2  37.7  44.2  17.1  43.4  48.9  18.1  35.0  37.1  37.3  19.6  17.6  15.6  25.1  33.8  23.5  14.4  58.2   7.6  25.9  34.7  12.7  13.3  25.0  23.6   3.7  33.3  37.6  33.5   6.1  11.0  17.9  52.2  12.1  27.0   9.2  18.5  50.6  26.4  11.1   9.2  26.6  30.9   6.3   6.6  30.3   4.7   9.6
Jan-27  18.1  17.2  21.8  33.9  78.4  38.4  43.3  20.3  42.5  49.7  18.5  36.7  39.0  39.2  20.5  17.8  16.4  24.0  36.7  23.8  14.6  59.2   8.1  25.3  31.4  12.9  13.9  28.5  24.8   3.9  35.2  39.4  33.6   6.0  12.2  18.4  54.8  13.7  28.9   6.2  21.7  52.5  33.4   9.7   9.4  19.5  28.9   6.2   7.2  23.6   6.7  10.2
Jan-28  20.0  16.7  22.2  35.2  78.5  39.2  42.3  23.2  40.9  50.5  18.9  38.5  40.2  41.2  21.5  18.0  14.4  22.5  38.5  26.0  14.2  59.9   8.8  24.7  28.1  12.4  14.4  32.1  25.8   4.0  35.7  40.7  34.2   5.9  13.3  19.2  57.2  14.9  26.7   5.3  17.5  63.7  37.5   9.4   9.6  14.7  40.6   5.6  10.2  27.4   6.1   9.6
Jan-29  21.8  16.2  22.3  36.0  78.4  40.0  40.7  26.3  46.4  51.4  19.3  40.2  41.3  43.2  21.9  18.2  12.1  22.8  36.9  28.0  13.9  64.8   9.4  24.2  24.9  11.8  14.8  30.8  26.9   4.5  36.3  42.0  34.6   5.8  14.4  18.9  58.9  16.5  28.3   4.7  12.5  63.8  41.2   8.0  13.2  19.3  41.7   6.6  11.2  35.0   7.3   8.0
Jan-30  23.1  15.9  21.6  36.8  78.5  40.8  45.4  29.3  50.4  52.2  19.7  42.0  42.4  45.2  22.9  18.2  11.6  24.7  34.9  28.0  13.6  69.5  10.0  30.7  29.1  11.3  14.9  29.5  25.9   5.0  36.8  43.4  34.8   5.6  16.1  18.5  55.8  18.3  31.1   7.0  10.5  65.7  37.5  11.2  12.0  23.1  39.1   6.7  15.6  39.0   8.8   6.9
Jan-31  21.7  15.2  22.4  37.7  78.6  41.5  48.7  34.2  54.4  53.1  20.1  43.7  43.6  47.1  23.4  18.0  12.6  26.6  39.7  28.1  13.3  74.4  10.3  37.2  33.5  11.1  15.0  28.1  24.9   5.4  36.7  44.8  34.9   5.9  17.4  18.0  53.6  19.6  34.4   8.5   9.2  59.2  34.7   9.8  10.9  26.0  48.0  10.7  13.4  40.0  11.6   6.6
Feb-01  20.3  18.3  22.6  38.5  78.7  42.1  52.0  37.6  58.3  53.9  20.3  45.4  44.8  48.9  22.2  22.8  13.4  26.8  43.8  30.4  13.6  76.6  10.6  45.3  37.8  10.9  15.0  26.6  23.9   5.7  36.7  46.0  34.8   6.1  18.6  19.1  49.1  21.1  37.4   6.4  12.4  61.7  36.4   7.8   8.3  22.3  56.0   9.6  10.7  32.6  12.0   6.4
Feb-02  19.0  20.5  22.9  39.3  78.4  44.3  55.4  40.9  62.4  54.4  20.7  49.3  45.7  49.4  20.7  26.4  15.1  27.0  44.0  32.4  14.1  78.7  10.8  53.3  41.9  10.6  15.0  25.7  24.5   6.0  36.4  47.0  34.5   6.2  20.4  20.3  46.2  23.5  37.5   6.1  15.5  64.6  37.7   5.0   6.8  28.8  45.1   6.8  11.8  22.9  11.6   6.1
Feb-03  17.7  22.8  23.2  39.9  80.4  45.8  58.7  44.3  66.4  57.7  20.9  51.9  49.4  49.2  19.1  30.0  16.6  29.0  43.9  35.3  14.7  77.3  10.9  62.8  44.6  10.5  13.9  24.8  25.2   6.3  36.2  46.8  33.9   5.9  22.0  21.0  52.8  25.8  34.6   6.1  17.2  71.4  49.3   5.7   6.8  35.4  40.9   5.3  11.5  25.8  14.7   7.3
Feb-04  16.4  25.0  23.5  39.5  81.9  47.2  62.0  47.7  70.3  59.9  21.1  54.6  52.0  49.0  17.6  33.5  18.9  30.8  41.5  33.0  15.0  75.8  11.4  72.0  47.2  11.7  12.8  23.9  25.8   6.5  36.6  46.2  31.8   5.6  23.5  22.0  59.0  27.8  31.5   6.1  18.1  77.5  49.9   5.6   6.3  43.0  40.4   5.5  12.3  34.5  21.6   7.9
Feb-05  14.9  27.3  23.7  38.9  83.5  48.6  65.3  51.1  70.6  62.1  21.4  57.2  54.6  48.8  15.9  37.0  21.0  31.8  33.8  30.6  15.3  77.9  12.0  81.5  49.9  12.8  11.6  24.9  26.4   6.6  37.0  45.6  29.6   5.2  24.7  21.8  65.2  28.3  27.8   6.5  30.3  77.0  48.8   7.2   5.8  50.1  36.9   6.5   8.4  44.4  19.3   6.6
Feb-06  13.0  29.5  23.9  38.3  85.2  50.2  68.4  54.4  70.7  64.2  21.6  59.9  57.1  48.6  14.3  40.6  22.8  30.8  25.9  30.6  16.5  79.9  12.4  78.8  47.6  14.0  11.4  25.8  25.8   6.6  37.4  45.3  27.3   4.7  26.4  21.3  61.2  29.1  26.3   5.5  25.0  79.5  56.9   7.7   5.9  50.4  39.9   6.3  12.6  41.4  17.4   6.7
Feb-07  17.1  31.5  28.6  37.7  86.9  51.6  70.7  54.6  70.9  66.5  21.8  62.6  59.7  48.5  12.0  44.1  24.6  29.6  22.5  30.6  17.5  81.9  17.7  76.1  45.8  13.5  11.2  26.6  25.2   6.6  37.4  45.1  25.3   7.1  27.7  20.8  58.6  29.2  28.7   5.2  27.5  78.8  47.2   7.7   6.1  55.3  42.0  10.2  18.0  28.9  13.5   5.9
Feb-08  19.9  35.8  32.2  37.1  88.4  52.9  73.1  54.5  71.0  68.8  21.9  65.2  62.3  47.9  14.9  46.0  26.5  29.3  19.0  31.9  19.0  82.6  22.4  69.3  43.6  13.1  11.0  27.5  24.5   7.3  37.5  44.5  24.4   9.1  29.0  23.2  54.0  29.6  30.3   5.5  22.4  77.8  47.9   6.0   6.1  54.2  51.3  12.8  18.7  32.7  10.5   5.0
Feb-09  23.2  38.9  36.0  36.6  89.9  54.3  75.6  54.4  71.1  70.7  22.1  61.4  64.9  51.2  16.9  47.1  26.8  29.0  16.1  33.0  20.9  82.8  24.3  61.8  41.4  12.6  10.8  26.2  27.1   8.0  37.4  43.9  23.6  11.1  30.7  25.9  49.8  29.5  31.2   5.1  29.3  78.0  46.3   4.7   5.2  62.4  50.2  11.4  24.8  29.8  10.4   4.3
Feb-10  26.5  41.9  39.8  35.5  89.0  54.9  78.2  54.2  71.3  70.8  22.0  57.5  64.8  53.6  18.9  48.2  27.0  27.0  12.3  34.1  22.8  84.9  26.0  59.1  39.7  12.1  10.6  24.9  29.5   8.7  37.4  45.1  23.2  11.3  32.4  27.5  48.7  29.4  32.2   4.9  31.6  80.2  53.7   5.9   4.8  64.2  55.8  13.6  24.4  24.7   9.9   3.0
Feb-11  29.8  45.0  43.7  35.9  88.5  55.7  80.5  54.1  71.1  70.3  22.0  53.7  64.4  56.0  20.7  49.2  27.5  24.5  13.3  34.0  23.9  87.2  27.7  56.2  37.8  12.3  10.4  23.5  31.9   9.4  40.5  45.7  22.6  11.4  33.9  29.7  47.2  29.4  37.9   5.7  19.8  87.0  57.6   7.8   6.5  69.0  56.6  12.1  27.0  23.3   9.7   2.7
Feb-12  32.6  48.1  47.3  35.9  87.9  56.4  82.7  54.0  70.3  69.7  21.9  49.8  64.0  58.3  22.7  50.3  27.8  24.1  14.2  33.7  24.8  87.8  29.5  52.8  36.0  12.6  10.1  25.2  34.4   8.9  43.4  46.4  22.4  11.5  35.2  31.2  45.0  29.1  40.1   7.7  15.8  88.3  63.2  12.2   9.4  63.1  54.6   9.8  31.9  23.8   6.9   2.9
Feb-13  33.1  51.1  50.2  35.7  87.3  57.1  85.0  53.3  69.4  69.4  21.9  46.0  63.7  60.8  24.7  51.4  30.2  24.5  15.0  33.9  24.8  88.4  31.2  54.4  39.0  12.8  10.5  26.8  33.3   8.4  46.2  44.8  22.0  11.5  39.9  33.0  48.2  29.0  35.6   9.2  15.6  84.5  60.4  17.4   9.6  61.6  52.1  10.9  34.0  41.8   7.3   2.9
Feb-14  35.9  53.6  47.8  35.6  86.7  57.8  86.5  53.3  68.4  68.8  21.3  42.1  63.3  63.2  26.6  52.2  30.8  24.5  18.6  34.1  24.8  89.0  30.5  55.3  41.9  11.9  10.8  28.4  32.2   7.9  53.7  43.4  21.5  11.6  43.8  34.3  51.4  29.0  24.9   8.2  16.2  80.0  68.2  23.9   8.4  57.7  53.1  17.3  37.0  49.3   6.6   4.0
Feb-15  37.8  54.9  45.2  35.5  86.1  58.0  88.2  52.9  67.5  68.4  21.2  36.9  63.0  65.3  27.3  52.8  31.2  26.0  22.3  34.3  27.1  85.6  29.9  64.3  44.8  11.1  11.2  30.0  31.0   8.4  61.3  41.4  20.8  11.6  47.5  32.0  53.8  28.8  22.4   7.8  15.2  80.7  64.8  33.8   8.2  55.3  49.3  18.2  37.7  49.9   6.0   3.3
Feb-16  39.8  55.5  42.7  35.4  85.5  62.4  89.8  52.6  66.5  67.8  20.8  35.2  62.3  67.5  27.3  52.9  34.3  27.4  24.3  34.2  29.3  82.0  29.3  72.7  47.6  10.2  11.5  31.7  31.3   8.8  68.5  39.4  20.2  11.4  47.4  30.0  56.8  27.7  27.5   7.1  16.1  81.2  69.7  27.2  10.7  54.1  51.6  14.2  42.2  39.8   5.8   3.5
Feb-17  41.7  56.2  40.2  34.9  85.6  65.5  91.6  52.3  65.6  66.7  20.5  33.4  63.8  69.1  27.1  53.1  37.4  29.6  26.1  34.0  31.4  79.3  28.9  74.3  49.7   9.3  11.9  33.2  31.5   9.2  75.8  44.1  19.4  12.3  47.1  27.7  55.8  26.3  25.6   6.6  31.3  81.3  76.6  23.3  11.3  47.4  58.1  18.0  40.1  33.5   8.3   4.5
Feb-18  43.7  57.0  37.7  33.8  85.6  68.7  93.2  51.9  64.0  65.4  20.1  31.5  64.8  70.5  27.0  53.3  38.7  31.6  27.5  32.5  35.8  76.8  27.6  75.8  51.6   8.4  12.2  34.8  31.6   9.6  70.7  48.0  22.5  13.1  46.5  24.8  54.1  25.0  22.4   5.7  38.4  85.1  82.2  19.9   8.2  43.0  62.2  16.4  44.0  42.1   9.2   5.3
Feb-19  45.7  57.7  35.2  32.0  85.8  72.0  94.7  51.5  60.6  64.1  19.8  29.8  65.8  72.0  26.8  53.4  39.8  33.5  27.5  31.1  40.3  74.1  26.3  77.5  53.6   7.6  12.5  32.8  31.7   8.6  65.6  51.9  25.2  13.8  45.7  30.0  52.1  25.2  16.0   5.4  27.0  80.0  85.4  25.8  12.8  42.0  66.1  15.5  45.8  38.0   9.5  12.2
Feb-20  47.6  58.4  31.4  30.2  85.9  75.2  93.6  50.6  57.2  62.8  19.5  28.0  66.9  73.5  26.8  53.6  40.2  32.8  27.5  28.6  44.8  71.4  24.7  71.1  54.8   6.6  15.4  30.8  32.3   7.6  60.5  47.1  27.7  14.3  42.8  35.1  53.7  26.0  18.0   6.8  20.1  79.1  80.8  23.0  13.7  45.9  66.9  17.6  44.7  39.2   6.4   8.5
Feb-21  50.3  58.7  30.6  28.4  86.0  78.4  92.6  50.7  53.8  61.3  19.1  26.2  67.9  75.0  26.5  53.4  40.9  32.0  27.0  25.8  49.2  68.1  24.1  64.7  56.1   6.5  18.3  28.7  32.8   6.6  61.9  42.3  30.2  14.4  39.7  39.7  56.1  26.1  24.1   7.0  22.6  69.0  84.0  17.9  14.9  45.1  63.1  19.5  42.9  33.1   6.7   6.0
Feb-22  52.0  58.3  29.6  26.5  86.1  81.5  91.6  50.7  50.4  60.1  18.8  23.1  68.9  76.4  25.7  52.2  41.6  30.8  26.3  26.5  53.0  69.8  23.0  62.4  57.3   6.5  21.1  26.6  33.3   6.5  63.4  37.0  32.5  14.2  36.3  39.2  57.2  26.4  27.5   5.5  30.5  66.7  82.8  12.4  12.1  49.9  59.9  11.3  34.0  37.6   8.4   6.1
Feb-23  53.7  57.8  28.6  24.8  85.9  82.0  90.7  50.6  47.0  58.1  18.1  25.1  69.8  76.4  24.8  50.7  43.5  29.5  29.4  26.8  53.4  71.0  23.1  59.6  58.4   6.3  23.9  25.7  31.2   6.4  64.4  31.7  34.2  13.9  35.1  39.3  59.2  24.5  35.3   4.6  28.7  61.6  84.4  12.3  13.0  50.4  57.2   9.0  30.2  40.8  11.3   5.2
Feb-24  55.5  57.2  27.7  22.2  85.6  82.2  89.7  50.5  43.6  60.3  17.0  25.9  68.1  76.0  24.0  49.2  45.3  32.2  32.1  28.1  53.9  72.1  23.1  57.4  52.8   6.2  22.7  24.8  29.3   6.4  65.8  34.0  35.8  14.3  34.2  38.3  59.5  22.2  37.0   4.6  27.4  70.0  85.2  12.3  12.3  48.7  56.0   9.0  27.2  49.0  19.6   7.4
Feb-25  57.2  56.6  26.8  23.3  85.1  82.4  88.8  50.4  38.7  61.6  15.7  26.8  66.2  75.6  23.2  47.7  46.5  34.7  36.2  27.5  57.1  73.0  23.8  55.1  47.2   6.1  21.5  24.0  27.2   6.3  70.4  36.0  35.7  14.6  32.6  37.6  59.6  19.9  31.4   4.5  23.0  77.1  84.5  12.7  13.1  44.2  56.4   9.0  25.1  54.2  19.4   4.9
Feb-26  59.0  56.0  25.8  23.8  84.6  82.5  87.3  50.3  39.9  62.9  14.5  27.7  64.3  75.2  22.4  46.2  47.6  40.0  39.0  26.8  60.2  75.9  24.3  52.4  41.2   5.9  20.2  21.8  25.0   6.5  74.8  37.9  35.3  14.5  31.0  38.4  62.0  19.0  28.8   4.5  24.1  79.6  85.5  11.5  10.0  37.6  61.8   9.6  22.8  56.1  11.0   4.3
Feb-27  60.6  55.4  23.5  24.2  84.1  82.8  85.7  50.0  40.5  64.4  13.2  28.6  62.3  74.8  21.4  44.7  48.6  43.0  41.8  26.1  62.3  78.8  24.6  57.8  44.0   5.8  18.8  19.7  27.7   6.8  79.4  36.6  34.8  14.6  32.3  39.0  63.2  18.5  32.6   6.2  20.1  82.7  84.1   9.0   9.5  33.2  69.4   9.9  17.6  38.4  12.7   3.8
Feb-28  58.2  54.2  24.6  24.6  83.8  83.0  84.1  52.7  41.1  65.5  12.0  29.4  60.4  74.4  19.4  42.1  47.6  45.8  42.5  25.3  64.4  81.6  26.8  62.7  46.4   5.5  17.3  17.6  30.4   7.1  79.6  35.3  34.0  17.0  33.0  39.5  67.5  17.4  34.6   6.1  18.3  85.2  86.8   7.9   8.7  32.5  71.3  14.1  16.2  40.9  13.2   3.3
Feb-29    NA    NA    NA  25.0    NA    NA    NA  54.4    NA    NA    NA  30.2    NA    NA    NA  42.7    NA    NA    NA  26.8    NA    NA    NA  62.8    NA    NA    NA  15.2    NA    NA    NA  33.6    NA    NA    NA  39.6    NA    NA    NA   5.9    NA    NA    NA   6.8    NA    NA    NA  17.8    NA    NA    NA   6.0
Mar-01  55.7  51.9  25.1  25.5  83.2  82.9  82.4  56.2  41.6  67.1  10.2  36.1  58.4  73.5  18.0  42.5  46.7  47.4  43.2  28.0  63.9  83.6  28.5  62.2  48.7   5.3  15.7  13.0  32.9   8.3  79.8  31.8  35.4  18.7  33.6  39.8  70.7  16.3  35.9   5.1  16.2  85.5  88.8  10.4  13.0  34.1  74.2  16.9  12.8  48.0  12.8   6.3
Mar-02  53.3  48.5  25.7  25.6  82.5  82.1  80.7  58.0  42.3  68.3  10.0  40.6  55.8  73.1  16.4  42.4  47.8  48.9  43.8  28.1  55.7  85.4  30.3  66.8  50.7   5.0  14.2  10.9  32.8   9.5  80.0  30.4  36.5  20.4  32.6  39.2  74.6  17.1  28.5   6.2  16.4  90.1  88.3  10.6  14.2  35.0  71.4  12.3  16.1  46.6  11.6   4.2
Mar-03  50.8  44.9  26.2  26.8  79.9  81.4  79.2  59.7  42.8  69.4   9.7  45.2  56.3  72.5  14.9  42.3  48.8  53.0  44.3  27.0  47.1  85.3  32.0  70.7  50.7   4.7  13.4   8.5  32.6  10.6  80.2  28.6  37.2  19.9  31.5  38.9  72.9  17.9  31.0   5.2  30.9  86.0  78.6  16.2  11.5  40.0  74.2  11.2  15.1  51.3  15.2   3.5
Mar-04  48.4  41.4  26.7  27.4  77.7  80.5  77.5  61.5  43.0  70.4   9.4  49.7  56.4  71.8  13.4  42.1  49.6  56.8  44.2  25.8  46.2  85.1  31.6  74.8  50.4   4.6  12.7   8.2  32.3  11.8  80.1  26.7  36.5  19.4  29.8  39.5  70.8  18.4  32.7   6.2  24.1  90.9  77.7  19.4   7.8  37.8  73.8  10.6  14.8  49.2  13.4   3.7
Mar-05  45.9  37.8  27.3  27.9  75.2  79.6  75.3  62.8  41.4  71.4   9.1  54.2  56.4  71.2  11.9  42.0  50.1  58.4  43.3  21.8  45.2  84.7  31.3  74.1  50.1   4.4  11.9   8.0  31.8  11.8  80.0  25.2  35.6  18.6  28.1  40.0  68.5  18.0  32.7  10.6  25.0  91.7  80.4  19.4   8.0  35.6  74.8   8.7  15.1  49.1  13.0   2.7
Mar-06  42.2  34.5  27.5  28.4  72.9  78.8  76.2  59.5  39.6  72.3   8.8  58.7  56.4  70.5  10.3  41.4  52.2  59.2  42.3  17.5  42.1  84.3  30.9  73.2  47.5   4.2  15.0   7.7  32.3  11.8  79.9  23.9  34.7  17.5  37.9  40.0  66.5  17.6  30.3   8.3  23.1  92.3  83.1  18.5   8.6  28.4  75.1  11.8  12.1  42.0   9.2   2.4
Mar-07  40.1  30.0  26.8  28.9  70.5  78.0  76.7  56.1  37.7  73.1   8.5  63.1  56.5  69.9   8.1  41.7  55.1  59.7  40.3  15.8  38.5  83.8  29.7  77.6  45.0   3.9  18.1   7.4  32.7  11.8  79.8  22.2  33.3  17.5  46.6  43.7  64.4  16.9  34.4   5.0  24.8  90.2  83.6  16.1   8.2  27.8  74.6  12.1  16.1  36.1   8.9   2.2
Mar-08  36.9  31.8  25.9  29.5  68.2  76.6  77.3  52.8  35.9  74.1   7.9  63.6  56.5  68.9   8.6  41.6  57.9  58.2  38.3  13.7  37.5  78.4  28.5  81.7  42.2   3.7  21.0   6.7  32.9  11.0  79.7  20.2  35.7  17.2  55.2  47.9  61.5  16.2  34.6   4.4  19.1  90.6  82.1   9.5   7.2  28.8  80.0  10.1  18.5  36.2   8.2   1.6
Mar-09  33.4  32.9  25.0  29.6  64.6  76.6  77.8  49.4  34.1  74.8   7.6  63.7  56.1  68.0   8.9  41.3  58.0  56.6  38.5  16.5  37.7  72.6  27.7  77.1  38.9   3.5  23.9   6.0  32.6  10.1  79.7  20.4  37.9  16.7  48.9  51.3  58.9  15.8  33.7   3.8  17.0  90.8  78.5   8.4   6.1  27.5  80.9   9.3  14.9  30.0   7.8   1.5
Mar-10  30.0  34.2  24.1  30.5  64.1  76.4  78.3  46.1  32.3  70.9   7.2  63.7  52.0  66.7   9.1  41.2  57.8  54.8  38.7  18.7  37.9  69.5  26.9  72.5  39.4   3.2  21.4   5.2  32.2   9.3  79.6  20.4  39.7  15.3  42.6  55.0  56.9  15.5  27.5   3.9  16.4  83.7  72.5   7.7   5.4  26.5  71.0   7.9  12.4  33.0   8.8   1.3
Mar-11  26.5  35.5  23.1  30.9  63.5  76.1  78.9  42.7  29.4  67.0   6.8  63.9  47.8  65.4   9.4  40.9  57.8  52.8  37.8  20.9  35.8  66.3  26.1  68.3  39.2   3.8  18.8   5.1  31.7   8.4  77.4  20.1  40.4  13.9  36.0  52.3  55.8  15.3  25.3   4.4  13.8  83.0  68.5   7.1   6.4  27.3  65.1   7.9   9.9  39.0   6.0   1.2
Mar-12  23.4  36.8  22.2  31.2  62.8  76.0  79.0  38.1  28.9  62.7   6.5  63.8  43.5  64.0   9.6  40.8  57.8  49.6  35.3  25.8  33.5  65.3  25.3  67.0  38.9   4.5  16.1   5.0  31.0   8.8  75.3  18.8  41.0  12.1  28.5  49.2  52.9  17.2  24.6   3.6  13.2  83.9  64.1   7.1   4.5  32.5  54.1   7.6   7.1  35.4   6.1   1.2
Mar-13  19.1  37.9  20.6  31.5  62.1  75.8  76.2  36.6  28.1  58.7   6.1  64.0  39.3  62.8   9.9  39.9  57.2  46.6  32.6  30.8  35.5  64.1  24.3  65.1  38.9   5.1  15.0   4.8  28.1   9.2  73.1  17.8  41.3  10.5  26.6  45.6  51.0  16.1  24.6   3.3  11.1  85.4  65.4   5.9   4.5  27.8  54.8   6.3   7.3  36.5   6.9   1.2
Mar-14  19.4  37.2  19.8  31.8  61.5  75.6  73.4  35.0  27.3  54.7   5.8  64.0  35.0  61.5  10.0  40.1  57.8  43.4  29.8  34.8  36.9  62.3  23.4  64.7  38.7   5.5  14.0   4.7  25.2   9.6  72.2  16.4  41.3   9.2  24.5  45.4  49.4  16.2  20.5   2.9   9.8  78.6  66.4   5.8   5.2  25.4  54.8   4.8   7.5  43.0   9.4   1.1
Mar-15  18.3  38.9  18.2  32.1  60.9  75.1  70.7  33.4  26.4  50.8   5.2  63.8  30.8  59.4  11.0  39.6  58.3  37.5  26.6  38.8  39.5  60.2  22.3  64.2  38.4   6.0  13.0   4.5  22.2   9.8  71.4  14.7  42.6   8.0  21.9  45.4  47.7  13.7  26.6   2.9  11.3  74.5  63.0   5.2   9.5  24.5  47.2   6.0   7.8  48.6   8.8   1.0
Mar-16  16.7  38.6  16.4  32.0  59.9  69.9  67.8  31.7  25.6  46.5   5.6  60.8  24.7  58.3  10.4  39.1  58.9  31.3  24.5  40.4  38.6  57.9  21.2  63.7  37.5   6.4  12.0   4.4  24.1  10.1  70.2  16.7  43.4   6.7  21.5  44.9  44.8   9.2  20.6   3.1  10.7  75.1  60.3   5.3  10.8  23.5  41.0   6.8   7.8  43.1   6.7   1.0
Mar-17  15.6  38.0  14.6  30.6  60.0  64.8  65.0  30.0  24.8  40.9   5.7  57.7  25.4  56.9   9.4  38.6  59.2  28.9  22.2  41.9  37.5  57.5  20.0  63.2  38.9   6.8  10.9   4.2  25.7  10.4  69.3  18.2  44.2   6.7  21.0  44.4  43.3   9.0  21.2   3.4  12.0  82.7  58.9   3.9  15.8  24.8  37.6   4.9   7.3  37.5   6.1   0.6
Mar-18  14.0  37.4  12.8  28.8  59.6  59.7  62.3  28.4  23.4  41.4   5.9  54.5  25.8  55.4   8.3  38.2  58.6  25.6  20.9  41.6  38.6  56.7  18.8  62.3  39.8   6.5   9.8   3.8  27.2  10.6  67.6  19.6  40.1   6.7  19.9  42.0  39.7   9.2  22.3   3.0  15.5  81.9  54.9   2.6  11.8  26.3  38.4   4.9   6.8  32.3   6.6   0.6
Mar-19  12.5  36.7  11.2  26.9  59.4  54.6  58.5  25.7  23.2  41.2   6.0  51.5  26.1  53.8   7.3  37.7  57.8  24.6  20.0  40.3  39.4  57.4  17.5  65.3  40.7   6.2   8.7   3.5  28.9   9.6  65.8  18.0  36.0   6.4  19.3  37.9  35.0   8.5  22.5   2.2  12.1  80.6  52.0   2.5  10.9  28.5  42.5   5.2   7.9  30.6   7.6   0.6
Mar-20  11.3  36.4   8.7  25.0  59.2  49.5  58.4  25.3  22.9  41.1   6.1  48.3  26.5  52.4   6.6  36.5  55.6  21.3  19.1  38.8  41.7  57.9  16.0  67.8  42.2   5.9   7.9   3.0  26.0   8.6  63.7  16.5  31.8   6.5  20.0  32.0  34.5   7.7  16.5   2.0  10.1  76.8  52.3   4.2   9.7  30.2  38.2   5.3   6.2  28.1   5.8   0.6
Mar-21   9.6  35.7   9.8  23.1  58.9  44.4  57.8  24.4  22.6  40.7   6.2  45.2  26.9  50.9   5.3  34.3  54.5  17.5  18.7  41.8  43.6  58.3  13.3  56.9  43.6   5.5   7.0   2.7  23.1   7.6  62.8  14.9  26.7   6.2  20.3  36.2  34.4   6.8  18.8   1.8  11.0  74.0  52.9   3.3   6.2  31.6  35.2   5.2   5.6  27.2   5.7   0.8
Mar-22   8.8  36.3   9.9  21.3  58.5  38.1  57.2  23.5  22.3  40.6   6.4  40.7  27.3  48.7   5.8  31.8  53.4  16.4  18.0  44.3  44.4  55.5  10.9  44.9  44.8   5.2   6.0   2.6  20.1   8.6  61.8  12.9  26.5   6.1  20.5  34.2  33.8   6.0  15.7   1.6  13.0  72.7  51.5   1.7   4.9  29.2  29.8   8.8   4.0  25.1   4.9   1.2
Mar-23   7.7  36.4   9.9  18.4  57.8  37.8  56.8  22.7  22.0  39.5   6.4  42.2  27.1  45.0   5.6  29.4  52.2  15.1  16.2  45.5  42.4  52.4   9.9  41.0  45.9   4.7   5.2   2.6  19.4   9.6  60.4  12.9  26.2   5.9  19.0  31.7  32.8   5.3  12.8   1.6  12.8  70.9  49.5   1.5   6.4  32.2  27.6   7.2   3.7  21.6   5.1   0.8
Mar-24   6.8  36.6   9.9  18.9  56.3  37.5  56.2  21.8  21.6  38.1   6.2  42.3  26.0  41.4   5.3  27.0  51.1  14.9  14.0  40.9  40.3  50.7   9.0  36.9  46.5   4.4   5.2   2.5  18.5  10.5  59.1  12.9  25.9   5.7  17.5  29.4  32.7   4.9  11.3   1.0  10.9  77.2  53.5   1.5   8.1  29.4  24.6   5.9   3.7  19.6   6.4   1.1
Mar-25   5.8  36.8   9.9  17.8  54.6  37.0  55.7  20.9  20.9  36.4   6.0  40.0  24.8  37.7   5.0  24.6  49.0  14.5  12.2  35.9  39.3  48.5   8.1  32.5  47.0   4.1   5.1   2.2  17.8  11.4  58.9  12.8  24.4   5.5  15.2  27.6  29.2   4.5  17.3   0.9   8.5  73.3  61.0   1.4  13.7  27.3  25.8   5.8   3.2  21.0   5.2   0.7
Mar-26   4.8  37.0  10.1  16.3  52.8  36.6  54.5  19.4  20.1  34.8   5.7  37.6  23.5  34.2   4.7  22.2  46.2  14.4  11.1  33.8  38.3  45.9   7.3  41.4  47.3   3.8   5.1   1.9  16.9  10.5  58.3  12.3  23.2   5.1  13.7  21.7  24.3   5.0  18.8   0.4   7.2  74.1  57.5   1.5  18.4  21.8  23.7   5.7   3.1  14.3   4.4   0.5
Mar-27   3.7  37.1   9.8  14.8  51.2  36.1  51.5  20.5  19.2  32.8   5.5  35.3  22.3  30.5   4.5  18.6  44.5  13.6   9.8  31.5  36.0  43.3   6.2  49.3  47.5   3.5   4.8   1.6  17.5   9.6  57.7  11.9  21.8   4.9  13.4  20.5  23.7   4.6  16.8   0.4   6.8  73.5  51.1   1.4  19.4  18.2  24.2   4.3   2.5  14.7   4.8   0.6
Mar-28   3.6  36.1  11.6  13.3  49.4  35.8  48.4  21.4  18.4  31.2   5.2  32.9  21.0  26.9   3.4  17.3  42.0  12.9   9.0  27.1  33.4  40.0   6.1  49.9  47.6   3.0   4.6   1.1  18.1   8.6  51.9  11.2  20.2   5.2  13.0  25.7  23.0   4.1  17.7   0.4   7.0  71.0  52.6   1.2  16.5  18.7  21.9   5.3   2.4  15.6   4.3   0.6
Mar-29   3.4  34.9  12.7  12.1  47.7  34.1  45.4  22.1  17.5  28.4   5.0  29.0  19.8  21.2   3.7  15.9  39.3  11.4   8.3  21.9  30.8  40.3   5.9  50.0  47.6   2.6   4.3   1.2  18.6   7.7  46.0  10.5  20.4   5.4  12.4  23.6  21.9   3.7  18.7   0.3   9.1  69.5  53.6   1.2  14.1  19.1  18.9   4.5   2.0  21.5   3.7   0.5
Mar-30   3.2  33.5  13.9  10.6  45.2  32.9  42.2  23.0  16.7  28.1   4.6  28.4  17.9  20.6   3.6  14.5  35.2   9.9   7.7  18.8  27.7  40.2   5.6  50.2  47.4   2.2   4.1   1.1  17.3   6.8  38.9  10.8  20.3   5.6  11.3  21.3  21.2   3.4  19.9   0.4   8.6  71.8  51.9   1.2  12.2  16.1  19.0   3.3   1.7  16.9   3.3   0.5
Mar-31   3.1  32.0  15.0  10.5  42.5  31.4  39.2  23.8  15.8  27.5   4.2  27.6  16.2  19.7   3.9  13.1  30.6   9.2   6.9  16.5  24.7  39.3   5.3  50.5  44.3   1.8   3.8   1.1  15.9   5.7  32.4  10.9  20.1   5.0  10.4  19.1  20.4   3.4  22.0   0.3   7.9  67.2  44.5   1.2  10.0  13.7  18.1   3.3   1.5  15.7   3.3   0.4
Apr-01   2.9  30.4  16.1  10.1  39.7  30.0  36.1  24.6  14.6  26.9   3.9  26.8  14.4  18.9   4.2  11.7  29.1   8.4   6.5  14.1  22.5  38.4   5.0  50.4  41.2   1.4   3.6   1.0  14.4   4.8  34.4  11.0  17.2   4.5   9.1  17.3  18.8   2.9  20.8   0.3   7.0  68.9  45.1   1.3  10.6  15.3  15.2   2.7   1.3  15.3   3.1   0.4
Apr-02   2.8  28.8  17.3   9.8  37.0  28.6  31.5  24.9  13.8  26.4   3.5  26.0  12.7  18.1   4.0  10.3  27.2   8.0   5.9  14.2  20.2  37.5   4.8  47.4  37.7   1.0   3.3   0.8  13.0   4.6  36.2   9.6  14.2   3.9   7.9  13.8  14.0   2.8  23.6   0.3   5.5  62.8  47.5   1.3  10.2  13.9  14.9   2.3   1.0  14.9   3.0   0.4
Apr-03   2.6  27.4  18.2   9.5  34.1  27.2  31.5  22.8  13.1  25.7   3.2  25.1  10.9  17.3   4.3   8.1  27.5   7.2   5.6  14.3  17.7  36.5   4.3  43.8  37.0   0.7   3.0   0.7  13.2   4.5  37.8   8.3  11.2   3.2   6.7  13.7  18.6   2.6  17.7   0.3   5.3  65.5  43.7   1.2   9.2  11.2  12.0   2.2   0.9  13.4   2.9   0.4
Apr-04   2.4  25.1  18.1   9.2  31.3  25.8  31.0  20.6  12.3  25.1   2.8  24.3   9.1  16.5   4.2   7.4  26.7   6.3   5.3  12.6  14.5  35.2   4.1  38.6  36.2   0.8   2.7   0.4  13.3   4.3  36.2   6.9   7.6   3.0   5.5  16.0  16.5   1.3   8.6   0.2   5.2  59.6  39.7   0.9   6.3  12.7  12.2   2.0   1.0  10.9   2.9   0.3
Apr-05   2.3  23.5  17.0   8.9  28.5  23.7  30.6  18.5  11.6  24.5   2.3  23.0   7.4  15.3   2.2   6.7  25.8   6.2   5.1  10.5  12.8  33.2   3.8  32.5  35.4   0.8   2.5   0.4  13.4   4.3  34.5   5.2   7.3   2.9   4.1  14.7  14.0   1.1   7.3   0.2   5.3  59.7  35.6   0.9   6.4   8.0  13.5   1.7   1.0  11.3   2.8   0.3
Apr-06   2.1  21.8  15.7   7.7  24.0  22.7  30.2  16.3  10.8  23.1   2.1  21.4   4.8  13.8    NA   6.0  26.6   6.0   4.8   9.1  11.1  31.4   3.3  33.6  34.1   0.9   2.2   0.3  12.3   4.3  32.5   5.1   7.0   2.8   3.8  12.3  12.0   1.1   6.2   0.2   5.6  54.2  35.5   1.1   5.9   8.6  12.6   1.8   0.8  11.8   2.5   0.3
Apr-07    NA  20.0  14.4   7.3  23.2  21.5  29.8  14.2  10.1  22.2   1.9  19.6   4.9  12.4    NA   5.3  27.3   5.6   4.1   8.3   9.3  30.4   3.0  34.2  32.6   1.0   2.1   0.3  11.1   4.2  30.8   5.0   6.7   2.6   3.6  10.9  10.1   1.1   6.9   0.2   5.5  52.8  37.9   0.9   5.7   7.5  13.6   1.9   0.7  10.9   2.5   0.3
Apr-08    NA  18.2  13.1   6.8  22.3  20.3  29.4  12.1   8.9  21.1   1.7  17.3   4.8  10.8    NA   4.6  28.2   4.8   3.9   7.3   8.5  29.5   2.8  34.8  31.1   1.0   1.9   0.3   9.8   4.1  29.2   4.8   6.1   2.4   3.2   9.6   9.3   1.0   5.6   0.2   5.7  54.8  39.3   0.9   4.8   7.4  13.4   1.8   0.6   9.2   3.1   0.3
Apr-09    NA  16.4  12.0   6.5  21.3  19.1  28.5   9.1   8.0  20.1   1.5  16.6   4.8   9.3    NA   3.9  28.9   4.4   3.6   7.2   7.8  28.2   2.6  33.1  29.1   1.0   1.8   0.2   8.1   4.0  28.2   4.7   5.6   2.2   2.9   8.6   7.9   1.0   5.8   0.1   5.3  53.3  41.2   0.8   4.3  22.9  12.4   1.3   0.5   7.9   3.7   0.3
Apr-10    NA  14.7  10.1   6.1  20.3  17.9  27.1   8.4   7.2  19.0   1.3  15.7   4.7   7.8    NA   2.8  27.4   4.3   3.2   6.9   7.2  26.8   2.3  30.7  27.5   1.0   1.6   0.2   7.7   3.9  26.6   4.6   5.0   2.0   2.9   7.9   8.0   1.0   6.2   0.0   4.9  48.0  40.6   0.8   4.5  22.7  11.0   1.0   0.4   6.8   2.1   0.3
Apr-11    NA  12.1   9.9   5.7  19.3  16.7  25.6   7.5   6.3  18.0   1.1  14.8   4.7   6.3    NA   4.5  25.2   4.3   2.8   6.4   6.2  25.0   2.2  29.9  25.5   0.8   1.3   0.2   7.3   3.8  23.7   4.5   4.4   1.9   2.9   8.8   8.3   0.2   4.2   0.0   4.6  49.0  39.3   0.6   5.0  17.6  11.0   0.8   0.3   7.7   2.0   0.3
Apr-12    NA  11.9   9.2   5.3  18.3  15.0  24.2   6.7   5.4  16.9   0.8  13.5   4.6   4.0    NA   4.3  22.6   4.1   2.5   5.7   5.8  23.5   2.2  28.6  23.5   0.7   1.0   0.2   6.7   3.7  20.8   4.2   4.1   1.9   2.9   8.1   8.3   0.1   3.0   0.0   4.0  46.6  27.1   0.8   4.8   6.8   9.4   0.9   0.3   7.6   1.9   0.3
Apr-13    NA  11.4   8.4   4.5  16.7  14.2  22.7   5.9   4.6  15.1   0.8  12.9   4.4   5.5    NA   3.6  20.2   4.1   2.3   5.3   5.4  22.1   2.1  25.5  21.0   0.5   0.8   0.2   5.9   3.5  17.2   4.1   3.7   1.8   2.6   6.8   8.5   0.1   2.9   0.0   4.0  46.8  26.5   0.8   4.1   6.7   9.3   0.7   0.3   7.1   1.8   0.2
Apr-14    NA  11.2   7.5   5.1  16.3  13.2  21.2   5.1   3.7  14.3   0.8  12.1   4.2   5.2    NA   3.0  17.6   3.5   2.2   5.1   4.9  21.0   2.0  22.2  17.9   0.4   0.7   0.2   5.2   3.2  14.3   3.9   3.4   1.5   2.3   5.9   8.6   0.1   2.7    NA   4.1  40.7  25.2   0.8   3.3   6.7   8.6   0.6   0.3   6.2   1.7   0.2
Apr-15    NA  11.0   6.7   4.7  15.7  12.3  19.8   4.3   2.5  13.4   0.8  11.1   4.0   4.6    NA   2.3  15.1   3.1   3.3   4.9   4.7  19.7   1.8  18.5  14.7   0.3   0.6   0.1   4.4   2.9  12.8   3.7   3.2   1.2   1.9   5.3   8.1   0.1   2.2    NA   3.8  39.0  20.2   0.8   3.2   7.8   8.0   0.6   0.3   4.7   1.6   0.2
Apr-16    NA  10.8   6.0   4.0  15.2  11.4  17.6   3.1    NA  12.5   0.8  10.2   3.8   4.0    NA   2.1  11.8   2.6   3.2   4.8   4.3  16.5   1.6  18.1  10.3   0.2   0.5   0.1   3.4   2.8  11.7   3.3   3.0   1.0   1.6   5.6   7.2    NA   2.0    NA   3.9  37.2  19.4   0.7   3.0   6.0   7.8   0.5   0.2   4.0   1.6   0.1
Apr-17    NA  10.3   4.8   3.3  14.6  10.5  17.5    NA    NA  11.6   0.8   9.2   3.6   3.4    NA   1.4  10.6   2.4   2.8   4.7   3.9  13.3   1.4  17.4  10.4   0.1   0.5   0.1   3.0   2.6  10.5   2.9   2.8   0.6   1.6   4.7   6.9    NA   1.3    NA   3.9  39.4  19.4   0.6   2.8   5.8   8.2   0.4   0.2   3.8   1.4   0.0
Apr-18    NA   8.1   4.9   2.6  14.0   9.6  17.3    NA    NA  10.7   0.8   8.4   3.4   3.1    NA    NA   9.4   2.3   2.3   4.5   3.4   9.6   1.1  17.8  10.4   0.1   0.5   0.1   2.7   2.4   9.3   2.5   2.6   0.5   1.5   5.0   6.5    NA   0.7    NA   3.8  39.5  17.8   0.7   2.4   5.7   7.1   0.4   0.2   3.6   1.3   0.0
Apr-19    NA   9.6   4.8   2.2  13.4   7.8  17.1    NA    NA   9.8   0.7   7.0   3.2   2.4    NA    NA   8.1   2.2   1.8   4.3   3.3   9.1   0.9  17.8  10.4   0.1   0.4   0.1   2.3   2.0   8.1   2.1   2.1   0.4   1.4   4.7   4.6    NA   2.0    NA   3.5  36.8  16.1   0.7   2.2   5.1   6.5   1.0   0.2   3.2   0.6   0.0
Apr-20    NA   9.1   4.7   1.5  12.6   7.3  17.0    NA    NA   8.5   0.7   6.4   2.9   2.6    NA    NA   7.6   2.0   1.5   4.1   3.0   8.6   0.9  17.6  10.2   0.0   0.4   0.1   2.0   1.6   6.7   1.9   1.7   0.4   1.3   3.8   4.2    NA   0.7    NA   3.5  35.9  14.2   0.7   1.5   4.8   7.1   0.4   0.1   2.9   0.6   0.0
Apr-21    NA   8.1   4.5    NA  11.5   6.8  16.8    NA    NA   8.1   0.7   5.8   2.6   1.9    NA    NA   7.1   1.9   1.0   3.7   2.7   7.6   0.7  17.1   9.3   0.0   0.4   0.1   1.6   1.2   5.8   1.6   1.3   0.3   1.2   3.4   3.8    NA   0.6    NA   3.0  40.0  14.1   0.7   1.4   5.4   6.7   0.4   0.1   2.7   0.5   0.0
Apr-22    NA   7.0   4.3    NA  10.3   6.2  16.7    NA    NA   7.7   0.6   5.1   2.3   1.1    NA    NA   6.5   1.6   1.0   3.3   2.5   6.4   0.6  16.5   8.3   0.0   0.4   0.0   1.3   0.7   5.7   1.4   1.0   0.2   1.1   3.1   3.1    NA   0.6    NA   2.8  34.0  12.9   0.7   1.4   5.7   6.1   0.4   0.1   2.5   0.5   0.0
Apr-23    NA   6.0   4.2    NA   9.2   5.7  16.3    NA    NA   7.3   0.6   4.5   2.0   0.3    NA    NA   5.8   0.9   0.9   3.1   2.3   5.8   0.6  15.2   7.0   0.0   0.4   0.0   0.8   0.6   5.5   1.2   0.7   0.2   1.1   1.8   2.6    NA   0.6    NA   2.8  35.0   8.8   0.7   1.3   5.5   5.4   0.4   0.1   2.2   0.5   0.0
Apr-24    NA   5.5   4.0    NA   8.0   5.2  15.7    NA    NA   6.9   0.6   3.9   1.7    NA    NA    NA   5.2   0.8   0.8   2.8   2.1   5.0   0.5  13.4   6.9   0.0   0.4   0.0   0.7   0.6   5.3   1.0   0.4   0.1   0.9   1.5   2.5    NA   0.5    NA   2.5  35.4   7.6   0.6   1.3   5.9   4.2   0.4   0.0   1.9   0.5   0.0
Apr-25    NA   4.2    NA    NA   6.8   4.6  15.1    NA    NA   6.5   0.5   3.2   1.3    NA    NA    NA   4.4   0.6   0.6   2.6   1.9   4.1   0.4  12.4   6.8    NA   0.4   0.0   0.6   0.5   4.8   0.8   0.1   0.1   0.8   1.3   2.4    NA   0.4    NA   2.3  35.9   7.4   0.5   0.7   5.5   3.7   0.4   0.0   1.4   0.5   0.0
Apr-26    NA   4.4    NA    NA   5.7   3.8  14.5    NA    NA   5.9   0.5   1.9   1.0    NA    NA    NA   3.7   0.4   0.6   2.2   2.2   3.9   0.4  11.3   6.6    NA   0.4   0.0   0.6   0.4   4.2   0.4   0.1   0.0   0.6   1.2   1.8    NA   0.4    NA   1.9  33.2   7.7   0.5   0.6   4.7   2.7   0.4   0.0   1.2   0.4    NA
Apr-27    NA   4.0    NA    NA   3.6   3.5  13.9    NA    NA   5.7   0.4   4.3   0.5    NA    NA    NA   3.3   0.2   0.5   1.9   1.9   3.7   0.4  10.1   6.3    NA   0.3   0.0   0.5   0.4   3.4   0.4   0.0   0.0   0.4   0.9   1.7    NA   0.4    NA   1.9  32.9   7.5   0.4    NA   4.0   2.6   0.3   0.0   1.0   0.4    NA
Apr-28    NA   3.7    NA    NA   3.3   3.2  13.3    NA    NA   5.5   0.4   4.0    NA    NA    NA    NA   2.8    NA   0.4   1.8   1.5   3.5   0.4   8.9   6.1    NA   0.3   0.0   0.5   0.3   2.9   0.3   0.0   0.0   0.4   0.7   1.6    NA   0.4    NA   1.6  26.8   6.7   0.3    NA   3.5   2.1   0.3   0.0   0.8   0.4    NA
Apr-29    NA   3.3    NA    NA   2.9   2.9  12.6    NA    NA   5.3   0.4   3.1    NA    NA    NA    NA   2.3    NA   0.1   1.6   1.3   3.3   0.4   7.4   5.8    NA   0.3    NA   0.5   0.2   2.7   0.3   0.0   0.0   0.2   0.7   1.3    NA   0.6    NA   1.4  28.7   6.9   0.4    NA   3.5   0.9   0.3   0.0   0.8   0.4    NA
Apr-30    NA   3.0    NA    NA   2.5   2.6  11.6    NA    NA   5.0   0.4   2.2    NA    NA    NA    NA   1.5    NA   0.1   1.5   0.9   2.8   0.4   6.9   5.5    NA   0.3    NA   0.4   0.2   2.4   0.2   0.0   0.0   0.1   0.6   1.2    NA   0.4    NA   1.3  23.5   6.5   0.4    NA   3.5   0.7   0.3    NA   0.8   0.4    NA
May-01    NA   2.6    NA    NA   2.2   2.3  11.1    NA    NA   4.8   0.3   1.3    NA    NA    NA    NA   0.8    NA   0.1   1.3   0.9   2.3   0.4   6.1   5.4    NA   0.3    NA   0.4   0.2   2.2   0.2   0.0   0.0   0.1   0.6   1.1    NA   0.4    NA   0.9  20.8   5.7   0.1    NA   4.7   0.6   0.3    NA   0.7   0.4    NA
May-02    NA   1.5    NA    NA   1.8   2.0  10.5    NA    NA   4.6   0.3   1.0    NA    NA    NA    NA   0.6    NA    NA   1.0   0.6   1.7   0.4   5.6   5.3    NA   0.2    NA   0.4   0.2   1.8   0.1   0.0   0.0   0.1   0.6   1.1    NA   0.4    NA   0.7  21.0   5.6   0.2    NA   4.2   0.6   0.3    NA   0.6   0.4    NA
May-03    NA    NA    NA    NA   1.4   1.5  10.0    NA    NA   4.4   0.3   0.1    NA    NA    NA    NA   0.5    NA    NA   0.7   0.2   2.5   0.3   5.0   5.1    NA   0.1    NA   0.4   0.2   1.5   0.0   0.0   0.0   0.1   0.6   0.4    NA   0.3    NA   0.7  21.3   5.4   0.1    NA   3.5   0.4   0.3    NA   0.6   0.4    NA
May-04    NA    NA    NA    NA   0.8    NA   9.4    NA    NA   4.1    NA    NA    NA    NA    NA    NA   0.3    NA    NA   1.6   0.2   2.3   0.3   5.0   4.9    NA   0.0    NA    NA   0.1   1.1   0.0   0.0   0.0   0.1   0.5   0.3    NA   0.3    NA   0.8  19.0   4.8   0.1    NA   3.1   0.4   0.2    NA   0.6   0.4    NA
May-05    NA    NA    NA    NA    NA    NA   8.8    NA    NA   3.8    NA    NA    NA    NA    NA    NA   0.2    NA    NA   1.5   0.1   2.0   0.3   4.9   3.9    NA    NA    NA    NA   0.1   0.6   0.0   0.0    NA   0.0   0.5   0.3    NA   0.2    NA   0.5  16.0   3.9   0.1    NA   2.6   0.4   0.2    NA   0.5   0.3    NA
May-06    NA    NA    NA    NA    NA    NA   8.2    NA    NA   3.4    NA    NA    NA    NA    NA    NA   0.2    NA    NA   1.1    NA   1.5   0.3   4.7   3.0    NA    NA    NA    NA   0.1   0.6   0.0   0.0    NA   0.0   0.5   0.1    NA   0.2    NA   0.5  16.1   3.0    NA    NA   2.6   0.4   0.1    NA   0.5   0.3    NA
May-07    NA    NA    NA    NA    NA    NA   7.5    NA    NA   3.0    NA    NA    NA    NA    NA    NA   0.1    NA    NA   0.9    NA   1.3   0.2   4.7   1.8    NA    NA    NA    NA   0.1   0.6    NA   0.0    NA   0.0   0.4   0.1    NA   0.1    NA   0.5  16.1   3.2    NA    NA   2.6   0.3   0.0    NA   0.5   0.3    NA
May-08    NA    NA    NA    NA    NA    NA   6.9    NA    NA   2.5    NA    NA    NA    NA    NA    NA   0.1    NA    NA   0.6    NA   1.1   0.2   4.4   1.6    NA    NA    NA    NA   0.0   0.5    NA   0.0    NA    NA   0.4    NA    NA   0.1    NA   0.5  14.2   3.2    NA    NA   2.2   0.3   0.0    NA   0.5   0.3    NA
May-09    NA    NA    NA    NA    NA    NA   6.3    NA    NA   2.1    NA    NA    NA    NA    NA    NA    NA    NA    NA   0.5    NA   0.8   0.2   4.0   1.3    NA    NA    NA    NA   0.0   0.4    NA   0.0    NA    NA   0.3    NA    NA   0.1    NA   0.5  12.8   2.2    NA    NA   2.1   0.3   0.0    NA   0.5   0.3    NA
May-10    NA    NA    NA    NA    NA    NA   5.7    NA    NA   1.7    NA    NA    NA    NA    NA    NA    NA    NA    NA   0.2    NA   1.1   0.1   3.5   1.0    NA    NA    NA    NA    NA   0.3    NA    NA    NA    NA   0.3    NA    NA   0.1    NA   0.4  11.9   1.8    NA    NA   1.6   0.3   0.0    NA   0.4   0.3    NA
May-11    NA    NA    NA    NA    NA    NA   5.0    NA    NA   1.3    NA    NA    NA    NA    NA    NA    NA    NA    NA   0.0    NA   0.9    NA   3.1   0.7    NA    NA    NA    NA    NA   0.2    NA    NA    NA    NA   0.2    NA    NA   0.0    NA   0.4   9.2   1.4    NA    NA   0.8   0.3   0.0    NA   0.4   0.3    NA
May-12    NA    NA    NA    NA    NA    NA   4.4    NA    NA   0.7    NA    NA    NA    NA    NA    NA    NA    NA    NA    NA    NA   0.6    NA   2.7   0.5    NA    NA    NA    NA    NA   0.2    NA    NA    NA    NA   0.2    NA    NA   0.0    NA   0.4   7.8   1.2    NA    NA   0.5   0.1   0.0    NA   0.4   0.3    NA
May-13    NA    NA    NA    NA    NA    NA   3.8    NA    NA   0.6    NA    NA    NA    NA    NA    NA    NA    NA    NA    NA    NA   0.2    NA   2.2   0.3    NA    NA    NA    NA    NA   0.2    NA    NA    NA    NA   0.1    NA    NA   0.0    NA   0.4   8.2   1.2    NA    NA   0.5   0.1   0.0    NA   0.4   0.3    NA
May-14    NA    NA    NA    NA    NA    NA   2.9    NA    NA   0.5    NA    NA    NA    NA    NA    NA    NA    NA    NA    NA    NA    NA    NA   2.4    NA    NA    NA    NA    NA    NA   0.2    NA    NA    NA    NA   0.0    NA    NA    NA    NA   0.4   5.0   0.8    NA    NA   0.3   0.1   0.0    NA   0.2   0.2    NA
May-15    NA    NA    NA    NA    NA    NA    NA    NA    NA   0.4    NA    NA    NA    NA    NA    NA    NA    NA    NA    NA    NA    NA    NA   2.6    NA    NA    NA    NA    NA    NA   0.2    NA    NA    NA    NA   0.0    NA    NA    NA    NA   0.3   5.3   0.8    NA    NA   0.2   0.0   0.0    NA   0.2   0.1    NA
May-16    NA    NA    NA    NA    NA    NA    NA    NA    NA   0.2    NA    NA    NA    NA    NA    NA    NA    NA    NA    NA    NA    NA    NA   2.0    NA    NA    NA    NA    NA    NA   0.2    NA    NA    NA    NA    NA    NA    NA    NA    NA   0.3   4.9   0.6    NA    NA   0.2   0.0    NA    NA   0.2   0.0    NA
May-17    NA    NA    NA    NA    NA    NA    NA    NA    NA   0.1    NA    NA    NA    NA    NA    NA    NA    NA    NA    NA    NA    NA    NA   1.4    NA    NA    NA    NA    NA    NA   0.2    NA    NA    NA    NA    NA    NA    NA    NA    NA   0.3   3.4   0.5    NA    NA   0.1    NA    NA    NA   0.1   0.0    NA
May-18    NA    NA    NA    NA    NA    NA    NA    NA    NA    NA    NA    NA    NA    NA    NA    NA    NA    NA    NA    NA    NA    NA    NA   1.1    NA    NA    NA    NA    NA    NA   0.1    NA    NA    NA    NA    NA    NA    NA    NA    NA   0.3   2.6   0.5    NA    NA   0.0    NA    NA    NA   0.0   0.0    NA
May-19    NA    NA    NA    NA    NA    NA    NA    NA    NA    NA    NA    NA    NA    NA    NA    NA    NA    NA    NA    NA    NA    NA    NA   0.8    NA    NA    NA    NA    NA    NA   0.1    NA    NA    NA    NA    NA    NA    NA    NA    NA   0.3   2.4   0.4    NA    NA   0.0    NA    NA    NA   0.0    NA    NA
May-20    NA    NA    NA    NA    NA    NA    NA    NA    NA    NA    NA    NA    NA    NA    NA    NA    NA    NA    NA    NA    NA    NA    NA   0.4    NA    NA    NA    NA    NA    NA   0.1    NA    NA    NA    NA    NA    NA    NA    NA    NA   0.3   2.5   0.2    NA    NA   0.0    NA    NA    NA    NA    NA    NA
May-21    NA    NA    NA    NA    NA    NA    NA    NA    NA    NA    NA    NA    NA    NA    NA    NA    NA    NA    NA    NA    NA    NA    NA   0.3    NA    NA    NA    NA    NA    NA   0.1    NA    NA    NA    NA    NA    NA    NA    NA    NA   0.3   1.7   0.2    NA    NA   0.0    NA    NA    NA    NA    NA    NA
May-22    NA    NA    NA    NA    NA    NA    NA    NA    NA    NA    NA    NA    NA    NA    NA    NA    NA    NA    NA    NA    NA    NA    NA   0.2    NA    NA    NA    NA    NA    NA   0.1    NA    NA    NA    NA    NA    NA    NA    NA    NA   0.1   1.4   0.2    NA    NA    NA    NA    NA    NA    NA    NA    NA
May-23    NA    NA    NA    NA    NA    NA    NA    NA    NA    NA    NA    NA    NA    NA    NA    NA    NA    NA    NA    NA    NA    NA    NA   0.2    NA    NA    NA    NA    NA    NA   0.1    NA    NA    NA    NA    NA    NA    NA    NA    NA   0.1   1.1   0.1    NA    NA    NA    NA    NA    NA    NA    NA    NA
May-24    NA    NA    NA    NA    NA    NA    NA    NA    NA    NA    NA    NA    NA    NA    NA    NA    NA    NA    NA    NA    NA    NA    NA   0.1    NA    NA    NA    NA    NA    NA   0.1    NA    NA    NA    NA    NA    NA    NA    NA    NA   0.1   1.6   0.0    NA    NA    NA    NA    NA    NA    NA    NA    NA
May-25    NA    NA    NA    NA    NA    NA    NA    NA    NA    NA    NA    NA    NA    NA    NA    NA    NA    NA    NA    NA    NA    NA    NA   0.1    NA    NA    NA    NA    NA    NA   0.1    NA    NA    NA    NA    NA    NA    NA    NA    NA   0.1   1.7   0.0    NA    NA    NA    NA    NA    NA    NA    NA    NA
May-26    NA    NA    NA    NA    NA    NA    NA    NA    NA    NA    NA    NA    NA    NA    NA    NA    NA    NA    NA    NA    NA    NA    NA   0.1    NA    NA    NA    NA    NA    NA   0.1    NA    NA    NA    NA    NA    NA    NA    NA    NA   0.0   1.7   0.0    NA    NA    NA    NA    NA    NA    NA    NA    NA
May-27    NA    NA    NA    NA    NA    NA    NA    NA    NA    NA    NA    NA    NA    NA    NA    NA    NA    NA    NA    NA    NA    NA    NA   0.1    NA    NA    NA    NA    NA    NA   0.1    NA    NA    NA    NA    NA    NA    NA    NA    NA   0.0   1.1   0.0    NA    NA    NA    NA    NA    NA    NA    NA    NA
May-28    NA    NA    NA    NA    NA    NA    NA    NA    NA    NA    NA    NA    NA    NA    NA    NA    NA    NA    NA    NA    NA    NA    NA   0.1    NA    NA    NA    NA    NA    NA   0.0    NA    NA    NA    NA    NA    NA    NA    NA    NA   0.0   1.3   0.0    NA    NA    NA    NA    NA    NA    NA    NA    NA
May-29    NA    NA    NA    NA    NA    NA    NA    NA    NA    NA    NA    NA    NA    NA    NA    NA    NA    NA    NA    NA    NA    NA    NA   0.0    NA    NA    NA    NA    NA    NA   0.0    NA    NA    NA    NA    NA    NA    NA    NA    NA    NA   0.8   0.0    NA    NA    NA    NA    NA    NA    NA    NA    NA
May-30    NA    NA    NA    NA    NA    NA    NA    NA    NA    NA    NA    NA    NA    NA    NA    NA    NA    NA    NA    NA    NA    NA    NA   0.0    NA    NA    NA    NA    NA    NA    NA    NA    NA    NA    NA    NA    NA    NA    NA    NA    NA   0.4    NA    NA    NA    NA    NA    NA    NA    NA    NA    NA
May-31    NA    NA    NA    NA    NA    NA    NA    NA    NA    NA    NA    NA    NA    NA    NA    NA    NA    NA    NA    NA    NA    NA    NA   0.0    NA    NA    NA    NA    NA    NA    NA    NA    NA    NA    NA    NA    NA    NA    NA    NA    NA   0.5    NA    NA    NA    NA    NA    NA    NA    NA    NA    NA
Jun-01    NA    NA    NA    NA    NA    NA    NA    NA    NA    NA    NA    NA    NA    NA    NA    NA    NA    NA    NA    NA    NA    NA    NA    NA    NA    NA    NA    NA    NA    NA    NA    NA    NA    NA    NA    NA    NA    NA    NA    NA    NA   0.5    NA    NA    NA    NA    NA    NA    NA    NA    NA    NA
Jun-02    NA    NA    NA    NA    NA    NA    NA    NA    NA    NA    NA    NA    NA    NA    NA    NA    NA    NA    NA    NA    NA    NA    NA    NA    NA    NA    NA    NA    NA    NA    NA    NA    NA    NA    NA    NA    NA    NA    NA    NA    NA   0.5    NA    NA    NA    NA    NA    NA    NA    NA    NA    NA
Jun-03    NA    NA    NA    NA    NA    NA    NA    NA    NA    NA    NA    NA    NA    NA    NA    NA    NA    NA    NA    NA    NA    NA    NA    NA    NA    NA    NA    NA    NA    NA    NA    NA    NA    NA    NA    NA    NA    NA    NA    NA    NA   0.5    NA    NA    NA    NA    NA    NA    NA    NA    NA    NA
Jun-04    NA    NA    NA    NA    NA    NA    NA    NA    NA    NA    NA    NA    NA    NA    NA    NA    NA    NA    NA    NA    NA    NA    NA    NA    NA    NA    NA    NA    NA    NA    NA    NA    NA    NA    NA    NA    NA    NA    NA    NA    NA   0.2    NA    NA    NA    NA    NA    NA    NA    NA    NA    NA
Jun-05    NA    NA    NA    NA    NA    NA    NA    NA    NA    NA    NA    NA    NA    NA    NA    NA    NA    NA    NA    NA    NA    NA    NA    NA    NA    NA    NA    NA    NA    NA    NA    NA    NA    NA    NA    NA    NA    NA    NA    NA    NA    NA    NA    NA    NA    NA    NA    NA    NA    NA    NA    NA
