1973 1974 1975 1976 1977 1978 1979 1980 1981 1982 1983 1984 1985 1986 1987 1988 1989 1990 1991 1992 1993 1994 1995 1996 1997 1998 1999 2000 2001 2002 2003 2004 2005 2006 2007 2008 2009 2010 2011 2012 2013 2014 2015 2016 2017 2018 2019 2020 2021 2022 2023 2024
Nov-10    NA    NA    NA    NA    NA    NA    NA    NA    NA    NA    NA    NA    NA    NA    NA    NA    NA    NA    NA    NA    NA    NA    NA    NA    NA    NA    NA    NA    NA    NA    NA    NA    NA    NA    NA    NA    NA    NA    NA    NA    NA    NA    NA    NA    NA    NA    NA   0.0    NA    NA    NA    NA
Nov-11    NA    NA    NA    NA    NA    NA    NA    NA    NA    NA    NA    NA    NA    NA    NA    NA    NA    NA    NA    NA    NA    NA    NA    NA    NA    NA    NA    NA    NA    NA    NA    NA    NA    NA    NA    NA    NA    NA    NA    NA    NA    NA    NA    NA    NA    NA    NA   0.0    NA    NA    NA    NA
Nov-12    NA    NA    NA    NA    NA    NA    NA    NA    NA    NA    NA    NA    NA    NA    NA    NA    NA    NA    NA    NA    NA    NA    NA    NA    NA    NA    NA    NA    NA    NA    NA    NA    NA    NA    NA    NA    NA    NA    NA    NA    NA    NA    NA    NA    NA    NA    NA   0.1    NA    NA    NA    NA
Nov-13    NA    NA    NA    NA    NA    NA    NA    NA    NA    NA    NA    NA    NA    NA    NA    NA    NA    NA    NA    NA    NA    NA    NA    NA    NA    NA    NA    NA    NA    NA    NA    NA    NA    NA    NA    NA    NA    NA    NA    NA    NA    NA    NA    NA    NA    NA    NA   0.1    NA    NA    NA    NA
Nov-14    NA    NA    NA    NA    NA    NA    NA    NA    NA    NA    NA    NA    NA    NA    NA    NA    NA    NA    NA    NA    NA    NA    NA    NA    NA    NA    NA    NA    NA    NA    NA    NA    NA    NA    NA    NA    NA    NA    NA    NA    NA    NA   0.0    NA    NA    NA    NA   0.2    NA    NA    NA    NA
Nov-15    NA    NA    NA    NA    NA    NA    NA    NA    NA    NA    NA    NA    NA    NA    NA    NA    NA    NA    NA    NA    NA    NA    NA    NA    NA    NA    NA    NA    NA    NA    NA    NA    NA    NA    NA    NA    NA    NA    NA    NA    NA    NA   0.0    NA    NA    NA   0.0   0.4    NA    NA    NA    NA
Nov-16    NA    NA    NA    NA    NA    NA    NA    NA    NA    NA    NA    NA    NA    NA    NA    NA    NA    NA    NA    NA    NA    NA    NA    NA    NA    NA    NA    NA    NA    NA    NA    NA    NA    NA    NA    NA    NA    NA    NA    NA    NA    NA   0.3    NA    NA    NA   0.0   0.4    NA    NA    NA    NA
Nov-17    NA    NA    NA    NA    NA    NA    NA    NA    NA    NA    NA    NA    NA    NA    NA    NA    NA    NA    NA    NA    NA    NA    NA   0.0    NA    NA    NA    NA    NA    NA    NA    NA    NA    NA    NA    NA    NA    NA    NA    NA    NA    NA   0.3    NA    NA    NA   0.0   1.1    NA    NA    NA    NA
Nov-18    NA    NA    NA    NA    NA    NA    NA    NA    NA    NA    NA    NA    NA    NA    NA    NA    NA    NA    NA    NA    NA    NA    NA   0.0    NA    NA    NA    NA    NA    NA    NA    NA    NA    NA    NA    NA    NA    NA    NA    NA    NA    NA   0.5    NA    NA    NA   0.0   0.5    NA    NA    NA    NA
Nov-19    NA    NA    NA    NA    NA    NA    NA    NA    NA    NA    NA    NA    NA    NA    NA    NA    NA    NA    NA    NA    NA    NA    NA   0.0    NA    NA    NA    NA    NA    NA    NA    NA    NA    NA    NA    NA    NA    NA    NA    NA    NA    NA   0.8    NA    NA    NA   0.0   0.4    NA    NA   0.0    NA
Nov-20    NA    NA    NA    NA    NA    NA    NA    NA    NA    NA    NA    NA    NA    NA    NA    NA    NA    NA    NA    NA    NA    NA    NA   0.0    NA    NA    NA    NA    NA    NA    NA    NA    NA    NA    NA    NA    NA    NA    NA    NA    NA    NA   1.1    NA    NA    NA   0.1   0.4    NA    NA   0.1    NA
Nov-21    NA    NA    NA    NA    NA    NA    NA    NA    NA    NA    NA    NA    NA    NA    NA    NA    NA    NA    NA    NA    NA    NA    NA   0.0    NA    NA    NA    NA    NA    NA    NA    NA    NA    NA    NA    NA    NA    NA    NA    NA    NA    NA   1.9    NA    NA    NA   0.1   0.5    NA    NA   0.1    NA
Nov-22    NA    NA    NA    NA    NA    NA    NA    NA    NA    NA    NA    NA    NA    NA    NA    NA    NA    NA    NA    NA    NA    NA    NA   0.0    NA    NA    NA    NA    NA    NA    NA    NA    NA    NA    NA    NA    NA    NA    NA    NA    NA    NA   0.8    NA    NA    NA   0.2   0.3   0.0    NA   0.1    NA
Nov-23    NA    NA    NA    NA    NA    NA    NA    NA    NA    NA    NA    NA    NA    NA    NA    NA    NA    NA    NA    NA    NA    NA    NA   0.0    NA    NA    NA    NA    NA    NA    NA    NA    NA    NA    NA    NA    NA    NA    NA    NA    NA    NA   1.1    NA    NA    NA   0.8   0.2   0.0    NA   0.2    NA
Nov-24    NA    NA    NA    NA    NA    NA    NA    NA    NA    NA    NA    NA    NA    NA    NA    NA    NA    NA    NA    NA    NA    NA    NA   0.0    NA    NA    NA    NA    NA    NA    NA    NA    NA    NA    NA    NA    NA    NA    NA    NA    NA   0.0   1.1    NA    NA    NA   0.5   0.8   0.0    NA   0.3    NA
Nov-25    NA    NA    NA    NA    NA    NA    NA    NA    NA    NA    NA    NA    NA    NA    NA    NA    NA    NA    NA    NA    NA    NA    NA   0.0    NA    NA    NA    NA    NA    NA    NA    NA    NA    NA    NA    NA    NA    NA    NA    NA    NA   0.4   0.7    NA    NA    NA   0.2   0.2   0.0    NA   0.2   0.0
Nov-26    NA    NA    NA    NA    NA    NA    NA    NA    NA    NA    NA    NA    NA    NA    NA    NA    NA    NA    NA    NA    NA    NA    NA   0.0   0.0    NA    NA    NA    NA    NA    NA    NA    NA    NA    NA   0.0    NA    NA    NA    NA    NA   0.2   0.6    NA    NA    NA   0.2   0.1   0.0    NA   0.2   0.0
Nov-27    NA    NA    NA    NA    NA    NA    NA    NA    NA    NA    NA    NA    NA    NA    NA    NA    NA    NA    NA    NA    NA    NA    NA   0.0   0.0    NA    NA    NA    NA    NA    NA    NA    NA    NA    NA   0.0    NA    NA    NA    NA    NA   0.2   0.6   0.0    NA    NA   0.2   0.1   0.0   0.0   0.0   0.0
Nov-28    NA    NA    NA    NA    NA    NA    NA    NA    NA    NA    NA    NA    NA    NA    NA    NA    NA    NA    NA    NA    NA    NA    NA   0.0   0.0    NA    NA    NA    NA    NA    NA    NA    NA   0.0    NA   0.0    NA    NA    NA    NA    NA   0.5   1.0   0.0    NA    NA   0.2   0.1   0.0   0.0   0.0   0.0
Nov-29    NA    NA    NA    NA    NA    NA    NA    NA    NA    NA    NA    NA    NA    NA    NA    NA    NA    NA    NA    NA    NA    NA    NA   0.0   0.0    NA    NA    NA    NA    NA    NA    NA    NA   0.0    NA   0.0    NA    NA    NA   0.0   0.0   2.1   1.3   0.0    NA   0.0   0.6   0.1   0.0   0.0   0.0   0.0
Nov-30    NA    NA    NA    NA    NA    NA    NA    NA    NA    NA    NA    NA    NA    NA    NA    NA    NA    NA    NA    NA    NA    NA    NA   0.0   0.0    NA    NA    NA    NA    NA    NA    NA    NA   0.0    NA   0.0    NA    NA    NA   0.0   0.0   3.0   0.3   0.0    NA   0.0   0.9   0.2   0.0   0.0   0.0   0.5
Dec-01    NA    NA    NA    NA    NA    NA    NA    NA    NA    NA    NA    NA    NA    NA    NA    NA    NA    NA    NA    NA    NA    NA    NA   0.0   0.0    NA    NA    NA   0.0    NA    NA   0.0    NA   0.0    NA   0.0    NA    NA    NA   0.0   0.0   2.8   0.4   0.0    NA   0.0   0.6   0.1   0.0   0.0   0.0   0.3
Dec-02    NA    NA    NA    NA    NA    NA    NA    NA    NA    NA    NA    NA    NA    NA    NA    NA    NA    NA    NA    NA    NA    NA    NA   0.0   0.0   0.0    NA    NA   0.0    NA   0.3   0.1   0.0   0.1    NA   0.0    NA    NA   0.0   0.0   0.0   1.9   0.4   0.0    NA   0.0   0.3   0.1   0.0   0.0   0.0   0.3
Dec-03    NA    NA    NA    NA    NA    NA    NA    NA    NA    NA    NA    NA    NA    NA    NA    NA    NA    NA    NA    NA    NA   0.0    NA   0.0   0.0   0.0    NA   0.0   0.0   0.0   1.6   0.1   0.0   0.1    NA   1.5    NA    NA   0.1   0.0   0.0   1.6   0.8   0.0    NA   0.0   0.3   0.1   0.0   0.0   0.0   0.3
Dec-04    NA    NA    NA    NA    NA    NA    NA    NA    NA    NA    NA    NA    NA    NA    NA    NA    NA    NA    NA    NA    NA   0.0    NA   0.0   0.0   0.0    NA   0.0   0.0   0.0   2.8   0.1   0.0   0.1   0.0   2.0    NA    NA   0.1   0.0   0.0   1.3   0.9   0.0    NA   0.0   0.4   0.1   0.0   0.0   0.1   0.2
Dec-05    NA    NA    NA    NA    NA    NA    NA    NA    NA    NA    NA    NA    NA    NA    NA    NA    NA    NA    NA    NA    NA   0.0    NA   0.0   0.0   0.0    NA   0.0   0.0   0.0   4.0   0.2   0.0   0.2   0.1   2.6    NA    NA   0.2   0.0   0.0   1.0   0.9   0.0    NA   0.0   0.5   0.3   0.0   0.0   0.1   0.3
Dec-06    NA    NA    NA    NA    NA    NA    NA    NA    NA    NA    NA    NA    NA    NA    NA    NA    NA    NA    NA   0.5    NA   0.0    NA   0.0   0.0   0.0    NA   0.0   1.1   0.0   3.9   0.2   0.0   1.4   0.1   3.1    NA    NA   0.3   0.0   0.1   1.2   1.6   0.0    NA   0.0   0.7   0.5   0.0   0.0   0.0   0.3
Dec-07    NA    NA    NA    NA    NA    NA    NA    NA    NA    NA    NA    NA    NA    NA    NA    NA    NA    NA    NA   0.4    NA   0.0    NA   1.9   0.0   0.0    NA   0.0   2.1   0.0   3.8   0.2   0.0   2.6   0.2   3.2    NA   0.1   0.3   0.0   0.2   1.3   1.6   0.0    NA   0.0   2.2   0.4   0.0   0.1   0.1   0.3
Dec-08    NA    NA    NA    NA    NA    NA    NA    NA    NA    NA    NA    NA    NA    NA    NA    NA    NA    NA    NA   0.4    NA   0.0    NA   3.8   0.0   0.0    NA   0.0   3.0   0.0   3.8   0.2   0.0   3.8   0.3   3.4   4.4   0.1   1.6   0.0   0.1   0.8   2.2   0.0    NA   0.0   2.2   0.3   0.0   0.4   0.0   0.2
Dec-09    NA    NA    NA    NA    NA    NA    NA    NA    NA    NA    NA    NA    NA    NA    NA    NA    NA    NA    NA   0.6    NA   0.0   0.2   5.9   0.0   0.0    NA   0.0   3.9   0.0   3.6   0.3   0.0   3.6   0.5   3.4   4.7   0.1   2.9   0.0   0.1   5.2   2.3   0.0    NA   0.0   3.7   0.4   0.0   0.4   0.0   0.1
Dec-10    NA    NA    NA    NA    NA    NA    NA    NA    NA    NA    NA    NA    NA    NA    NA    NA    NA    NA    NA   0.4    NA   0.0   0.3   8.0   0.0   0.1    NA   0.0   4.8   0.0   3.5   0.4   0.0   3.4   0.6   3.4   4.9   0.3   3.4   0.0   0.2   8.5   2.0   0.0    NA   0.0   3.9   0.5   0.0   0.4   0.1   0.0
Dec-11    NA    NA    NA    NA    NA    NA    NA    NA    NA    NA    NA    NA    NA    NA    NA    NA    NA    NA    NA   0.4    NA   0.0   0.5  10.1   0.0   0.1    NA   0.0   5.7   0.0   3.3   0.5   0.0   3.1   0.8   3.8   5.1   0.6   3.8   0.0   0.3   8.7   3.2   0.0   0.1   1.4   4.1   0.8   0.1   0.8   0.1   0.0
Dec-12    NA    NA    NA    NA    NA    NA    NA    NA    NA    NA    NA    NA    NA    NA    NA    NA    NA    NA    NA   0.4    NA   0.0   0.6  10.8   0.0   0.1    NA   0.0   6.9   0.0   3.2   0.9   0.1   2.8   0.6   4.0   5.7   0.8   4.2   1.0   0.2  14.2   3.1   0.0   0.1   2.7   4.0   1.8   0.1   0.9   0.4   0.0
Dec-13    NA    NA    NA    NA    NA    NA    NA    NA    NA    NA    NA    NA    NA    NA    NA    NA    NA   2.3    NA   0.4    NA   0.0   0.8  11.5   0.0   0.1    NA   0.0   7.9   0.0   3.4   1.4   0.1   4.6   0.4   4.2   6.1   1.1   4.7   0.7   0.2  16.8   2.4   0.0   0.4   4.3   3.6   2.3   0.1   2.1   0.3   0.0
Dec-14    NA    NA    NA    NA    NA    NA    NA    NA    NA    NA    NA    NA    NA   3.9    NA    NA   3.6   4.4    NA   0.6   0.0   0.0   0.8  12.2   0.0   0.1    NA   0.0   8.9   0.3   3.5   1.8   0.5   6.4   0.2   5.9   6.5   1.3   5.0   0.3   0.3  19.2   2.3   0.0   0.6   6.7   3.6   1.9   0.1   0.7   0.5   0.1
Dec-15    NA    NA    NA    NA    NA    NA    NA    NA    NA    NA    NA    NA    NA   7.6    NA    NA   3.7   6.5    NA   0.7   0.0   0.0   0.9  12.9   0.0   0.0   0.0   0.0   9.1   0.5   4.1   2.2   1.0   8.2   0.2   7.2   6.8   2.4   7.7   0.4   0.7  15.9   2.4   0.0   2.2   9.7   3.6   2.2   0.3   0.2   0.5   0.1
Dec-16    NA    NA    NA    NA  26.1    NA    NA    NA    NA    NA    NA    NA    NA  10.2    NA    NA   3.8   6.9    NA   1.1   0.0   0.0   0.9  13.7   0.0   0.0   0.0   0.0   9.4   0.8   4.3   2.8   1.4   8.0   0.1   8.5   7.5   3.3  10.0   0.1   0.8  20.4   2.4   0.0   5.3  11.1   2.2   2.3   0.4   0.1   0.6   0.0
Dec-17    NA    NA    NA    NA  27.0    NA    NA    NA    NA    NA    NA    NA    NA  12.9    NA    NA   3.3  22.2    NA   1.5   0.0   0.0   0.8  14.3   0.0   0.0   0.0   0.0   9.6   1.0   4.1   3.3   2.8   7.8   0.1   9.8   8.1   4.2  11.2   0.1   0.4  21.8   1.7   0.0   6.4  11.6   2.7   1.8   0.6   0.1   0.6   0.0
Dec-18    NA    NA    NA    NA  27.3    NA   4.7    NA    NA    NA    NA    NA    NA  15.4    NA    NA   2.9  24.6    NA   1.9   0.0   0.0   0.6  15.0   0.0   0.0   0.0   0.2   9.8   0.9   3.6   3.7   4.2   7.6   0.0   8.8   8.6   4.2  10.9   0.2   0.2  19.9   1.7   0.0   6.4   6.8   2.0   4.5   1.0   0.1   1.4   0.0
Dec-19    NA    NA    NA    NA  27.7    NA   4.1    NA    NA    NA    NA    NA    NA  18.1    NA    NA   2.5  26.0    NA   2.9   0.0   0.0   0.6  15.2   0.0   0.0   0.2   0.3  10.1   0.8   3.6   3.7   5.5   7.2   0.0   7.8  10.9   4.2  10.7   0.1   0.2  15.6   2.6   0.6   5.7   4.5   2.4   8.4   1.4   0.1   1.4   0.1
Dec-20  21.2    NA    NA    NA  28.0    NA   3.5    NA    NA    NA    NA  13.7    NA  20.8    NA    NA   2.2  27.3    NA   4.0   0.0   0.0   0.4  15.4   0.0   0.3   0.5   0.5  10.2   0.6   3.8   3.8   6.8   7.2   0.1   6.5  12.8   4.2  10.4   0.1   0.2  16.7   9.9   0.0   8.7   5.5   2.5   8.2   1.4   0.5   1.2   0.1
Dec-21  22.5    NA    NA    NA  28.5   6.8   2.9    NA    NA   0.3   0.0  15.0    NA  23.4    NA    NA   2.0  29.9    NA   4.2   1.0   0.0   0.3  15.6   0.0   0.5   0.7   0.6  10.5   0.6   4.0   3.8   8.3   8.3   0.1   6.1  14.6   4.1  11.8   0.1   0.2  17.0  10.1   0.0   7.9   7.1   2.0   8.4   1.2   0.3   2.3   0.1
Dec-22  21.3    NA    NA    NA  28.8   9.1   2.3    NA    NA   0.7   0.0  15.9   0.4  23.2    NA    NA   2.0  32.5    NA   4.4   1.7   0.0   0.2  15.8   0.0   0.7   0.9   1.9  14.0   0.5   4.2   4.0   9.6   9.2   0.1   5.7  16.3   4.5  12.1   0.1   0.2  12.8   6.8   0.0   7.6   8.1   2.5   4.8   1.1   0.3   3.0   1.1
Dec-23  19.5    NA    NA  24.8  28.6  10.8   1.7    NA    NA   1.0   0.0  16.9   1.5  22.5    NA    NA   2.1  34.1    NA   4.3   2.4   1.2   0.1  16.2   0.9   0.9   1.2   2.9  17.4   0.4   4.4   4.3  10.8   9.1   0.1   5.2  16.0   4.8   8.4   0.1   0.2  10.6   4.5   0.0   4.4   6.8   3.2   5.0   0.9   1.5   4.0   0.2
Dec-24  18.4    NA    NA  24.1  31.3  12.5   1.1    NA  16.7   1.3   0.0  17.8   2.5  21.8    NA    NA   2.6  35.7    NA   6.1   4.1   2.4   0.1  16.6   1.9   0.8   1.4   3.9  20.9   0.4   4.4   4.6  12.1   9.0   0.1   4.5  15.5   5.0  10.1   0.2   0.4  14.1   2.5   0.0   4.3   4.8   4.4   4.7   0.8   2.4   5.0   0.2
Dec-25  16.6    NA    NA  23.2  32.7  14.1   0.0    NA  21.4   1.6   0.0  18.8   3.5  21.2    NA    NA   3.0  35.6    NA   6.1   5.6   3.6   0.1  17.0   2.8   0.6   1.6   3.8  24.2   1.3   4.5   5.0  13.3   8.7   0.1   4.9  14.7   4.7  10.3   0.2   0.8  22.6   1.8   0.0   4.7   8.2   3.3   3.9   1.2   1.9   5.9   0.2
Dec-26  14.8    NA    NA  22.3  34.1  15.8   3.2    NA  24.2   1.9   0.0  19.7   4.1  20.6    NA    NA   5.9  37.0    NA   6.3   7.4   4.8   0.0  19.5   2.8   0.5   3.0   3.8  23.8   2.2   4.5   4.6  14.4   8.3   0.1   5.2  13.5   4.3   9.8   0.2   1.8  22.9   1.9   0.0   4.7  10.7   4.2   3.6   1.7   2.1   6.6   0.0
Dec-27  13.6    NA    NA  21.4  35.6  17.5   5.1    NA  26.7   2.2   0.0  20.7   5.1  19.9   1.8    NA   6.8  38.5    NA   6.3   9.4  10.2   0.0  21.9   2.8   0.8   4.4   3.5  23.2   3.2   4.3   4.3  15.4   7.9   0.1   5.4  12.2   3.8   9.2   1.2   2.2  23.2   0.9   0.0   3.8  16.4   5.1   3.3   4.4   2.0   7.2   0.0
Dec-28  11.7    NA    NA  20.5  37.0  19.1   7.1    NA  29.6   2.4   0.2  23.2   3.9  18.9   4.7    NA   7.4  38.3   0.5   5.5  10.5  13.2   0.0  21.2   2.7   1.1   5.8   3.6  22.6   3.1   4.0   3.9  15.9   7.4   0.0   5.2  10.9   3.4  11.9   1.2   2.8  17.3   1.1   0.0   3.4  21.7   4.2   2.8   2.9   1.9   5.9   0.0
Dec-29  13.8    NA    NA  19.7  38.4  20.0   9.0    NA  32.2   2.7   0.3  24.6   7.0  21.2   4.9    NA   8.7  38.2   0.7   4.7  11.4  15.6   0.0  20.4   2.6   1.4   7.1   5.3  23.4   2.9   3.7   3.3  16.2   6.6   0.1   4.9   9.2   5.0  14.3   3.0   4.9  18.3   1.5   0.3   4.5  24.2   4.0   2.8   3.5   1.8   4.5   0.0
Dec-30  15.6    NA    NA  18.0  39.7  20.5  11.1    NA  35.0   4.2   0.4  26.3   9.2  22.8   4.4    NA   9.9  37.6   0.9   3.9  12.2  18.0   0.0  20.4   5.8   1.7   7.0   7.0  24.1   2.8   3.4   3.7  16.3   7.2   0.2   4.6  11.0   6.3  12.1   4.0   4.4  19.7   2.6   0.4   3.6  25.0   6.5   2.0   3.6   1.7   4.5   0.0
Dec-31  17.5   8.2    NA  17.5  42.3  20.9  13.0    NA  37.7   5.1   0.6  27.8  11.4  24.5   3.9    NA  10.8  36.8   1.0   5.3  11.9  20.5   0.0  20.5   8.8   4.6   6.9   8.6  24.7   2.6   4.6   3.8  14.7   8.1   0.2   4.2  12.4   7.7  10.6   4.3   6.4  28.4   7.7   0.6   3.7  32.3   7.4   2.0   3.1   2.5   4.4   0.0
Jan-01  19.3  11.7    NA  16.8  44.0  21.4  15.0    NA  40.2   6.2   0.7  29.5  13.5  25.9   3.4    NA  11.8  36.2   1.0   5.0  11.6  23.0   0.0  20.5  12.0   7.2   6.8   8.0  25.2   3.4   5.7   3.9  13.1   8.5   0.2   5.0  13.8   9.4  10.6   4.0   5.2  31.6   7.9   0.4   3.9  30.7   8.7   1.7   5.6   2.5   4.4   0.0
Jan-02  21.1  14.7   2.0  16.2  45.5  21.9  20.2   8.5  43.0   7.1   0.8  31.0  15.6  27.6   3.5    NA  12.8  35.7   1.0   4.8  10.6  25.5   0.0  21.1  11.4   9.8   8.6   7.3  24.9   4.2   6.8   3.8  11.3   9.0   0.2   5.7  15.9  10.9  10.6   2.5   5.8  35.3  12.7   0.6   3.8  31.5  10.3   1.7   4.7   2.9   4.6   0.1
Jan-03  22.5  18.2   2.2  15.7  47.4  22.4  23.7   9.2  45.7   8.1   0.9  32.6  17.9  29.3   3.0   2.7  14.3  35.3   1.0   4.4   9.3  27.9   1.3  21.6  10.9   8.7  10.4   6.5  24.4   5.0   8.8   3.8   9.3   8.4   0.1   6.3  17.8  12.4   7.2   8.1   7.8  44.0  13.9   0.8   5.4  33.5   9.9   1.6   4.0   7.8   3.8   0.1
Jan-04  23.7  21.1   2.4  15.1  49.0  22.5  27.4   9.3  48.5   9.0   1.1  31.7  20.0  30.7   2.7   9.2  15.8  33.5   1.0   4.3   9.1  30.5   2.5  27.3  10.4   7.7  12.3   5.9  23.8   5.3  10.8   3.8  12.3   7.8   0.0   6.5  19.5  13.8   7.2   7.4   6.8  44.6  12.9   1.6   5.8  30.2   7.3   1.9   4.3   6.0   3.9   0.1
Jan-05  25.1  24.7   2.7  14.4  50.7  23.5  31.0   9.5  51.1  12.2   1.1  30.6  22.2  29.8   2.4  13.4  17.4  31.5   3.0   3.8   9.9  32.7   3.7  32.9   9.8   6.6  14.0   6.8  25.9   5.5  12.8   3.4  14.8   6.9   0.0   6.6  21.3  15.2   9.5   7.3   7.6  29.6  16.7   3.9   6.2  37.7   6.5   1.5   3.6   6.1   3.1   1.0
Jan-06  26.6  27.6   2.9  13.3  52.2  23.8  34.6   9.7  53.9  14.4   1.2  29.6  25.1  28.4   2.2  18.0  19.0  31.8  11.9   4.4  10.7  33.8   4.8  35.4   9.9   5.5  18.5   7.8  28.0   5.8  14.7   9.1  17.4   8.7   0.0   6.7  22.1  15.4  12.8   6.3   8.5  29.7  17.8   5.0  11.3  38.8   7.3   1.3   3.7   7.3   3.2   1.1
Jan-07  28.0  31.1   3.2  17.0  54.0  24.2  38.1   9.9  56.5  16.7   1.3  28.6  27.1  27.1   1.9  22.4  19.8  31.4  15.6   5.5  11.6  35.0   5.4  38.2   9.9   4.9  22.9   8.7  30.0   5.9  13.7  14.1  17.2  10.3   0.0   6.7  22.7  15.4  11.2   5.0   5.8  38.0  20.2   5.3  15.7  34.7   7.4   1.3   2.7  12.0   2.9   1.4
Jan-08  29.2  34.1   3.3  19.6  55.5  24.6  41.7  10.0  56.7  18.8   1.3  27.6  29.2  25.8   1.6  26.9  20.5  32.2  17.8   6.6  12.4  37.5   5.9  40.9   9.9   4.3  27.4   8.8  31.8   6.4  12.6  19.2  17.0  11.8   0.0   5.8  23.0  16.1  13.0   5.4   4.8  43.5  25.0   3.9  15.0  29.7   7.3   1.9   3.6  16.5   3.3   3.5
Jan-09  28.0  34.7   2.9  22.1  57.2  25.0  43.0  10.1  56.6  21.0   1.4  26.6  31.3  24.5   1.3  31.1  20.3  30.5  19.9   7.8  14.1  40.0   6.4  43.4  10.5   3.7  26.4   8.8  30.5   6.8  11.6  19.5  16.6  13.3   0.1   4.9  25.4  16.4  15.0   4.0   4.2  45.1  22.9   2.6  14.4  26.5   7.7   2.0   6.4  14.0   3.4   2.0
Jan-10  29.6  37.6   5.0  24.7  58.6  25.4  43.3  10.3  56.5  23.2   1.5  24.6  33.4  23.1   0.9  35.7  22.8  28.8  22.3   8.9  15.5  42.3   8.8  46.1  11.3   5.0  25.4   8.8  29.1   7.2  12.3  19.8  16.0  12.5   0.1   3.9  27.6  17.9  19.0   3.9   4.2  45.9  26.3   3.1  14.0  20.7   9.2   1.4   4.8  11.3   3.5   1.9
Jan-11  29.1  38.0   6.5  27.2  60.2  25.5  43.8  10.5  56.4  25.3   1.5  30.2  35.4  20.9   3.1  34.8  25.1  28.6  24.7   9.9  16.9  42.8  11.1  48.7  11.9   6.2  24.4   8.8  27.5   6.2  13.0  20.0  15.7  11.6   0.2   4.6  29.4  19.4  24.9   4.0   3.8  48.0  28.1   7.3  15.0  21.1  15.8   3.5   5.7  22.7   3.8   2.4
Jan-12  28.1  37.9   8.0  29.8  61.2  31.7  44.2  10.7  56.3  31.3   7.8  34.4  37.5  23.0   3.8  34.0  23.8  28.5  27.5  10.8  20.3  42.8  10.1  51.3  12.6   7.5  23.3  11.0  28.6   5.1  13.7  19.9  15.1  10.5   0.4   5.2  31.1  20.5  20.5   4.0   5.5  24.8  33.3   7.2  16.4  21.5  21.6   8.7   4.1  14.0   4.4   3.7
Jan-13  27.1  37.8   9.4  32.3  63.2  36.2  44.9  10.8  56.2  35.5  11.7  38.2  37.7  24.3   4.4  32.9  22.3  28.5  30.5  12.0  23.8  46.0   9.3  48.8  12.0   8.8  25.2  12.9  29.5   4.0  14.3  24.5  14.5  11.5   0.5   5.7  38.7  21.5  19.9   5.0   4.9  19.7  34.4   9.9  11.9  30.8  18.0  10.4   3.8  16.7   4.5   4.7
Jan-14  26.1  37.6  10.8  33.1  64.2  40.8  45.2  10.9  55.6  39.7  15.6  42.1  37.6  25.6   5.1  32.0  22.2  28.3  31.3  12.9  23.9  49.2   8.4  46.0  11.4  11.8  27.1  15.0  30.6   3.0  17.0  28.7  18.1  12.4   0.6   6.2  45.3  18.6  23.5   5.6   5.1  20.4  44.2   9.3  12.3  33.8  22.4  10.2   3.8  21.5  10.4   8.7
Jan-15  25.6  37.5  12.3  33.4  65.4  45.2  45.6  11.1  57.2  43.7  19.5  45.9  37.6  26.9   5.7  31.0  22.0  30.5  30.8  13.8  23.9  52.3   7.5  43.3  10.6  14.7  29.0  15.9  31.6   3.5  19.5  32.9  21.5  13.3   0.7   9.3  51.7  17.4  28.1   5.8   4.0  21.0  43.3   9.3  12.7  35.6  22.2  10.6   3.5  25.6  12.0   5.4
Jan-16  24.6  37.4  13.0  33.7  66.5  49.9  47.4  10.9  58.2  48.0  23.4  50.1  37.6  28.2   6.4  30.1  22.7  32.0  30.2  16.6  22.7  55.5   6.4  47.9  12.3  17.7  27.4  16.8  30.0   4.0  21.9  32.3  24.8  14.1   4.3  11.6  52.8  16.2  24.2  10.7   4.6  21.3  28.2  10.0  14.9  42.8  19.5  10.8   2.6  27.0  11.6   8.4
Jan-17  23.3  36.7  14.8  34.2  67.7  54.4  48.7  12.8  59.0  52.1  27.3  53.9  37.6  29.6   6.8  28.3  23.7  33.2  28.6  19.4  21.5  58.6   6.6  52.2  14.3  18.5  25.8  17.5  28.4   4.5  24.2  31.7  28.0  14.7   7.6  14.2  53.3  14.9  31.5   9.3   4.6  24.2  34.3  14.4  13.8  44.6  24.0  20.6   2.0  26.8   8.1  13.3
Jan-18  21.8  34.9  16.4  34.5  68.8  59.0  50.0  14.3  59.9  56.2  31.2  57.7  37.6  30.6   9.7  27.3  24.5  35.8  26.9  20.2  20.1  58.2   6.7  46.5  15.9  19.4  24.7  18.4  26.8   5.5  26.4  31.0  30.3  15.2  10.9  16.6  53.8  13.6  27.3  11.7  12.8  28.7  27.3  17.3  13.3  33.1  21.5  17.0   3.6  26.7   7.4  14.1
Jan-19  20.2  33.1  18.1  34.8  69.4  58.4  51.3  15.7  60.8  57.6  30.8  55.0  37.3  33.2  12.1  26.1  22.9  38.3  25.4  21.0  20.5  57.3   6.5  40.6  17.7  20.1  23.2  23.7  30.5   6.5  28.6  29.8  32.4  15.7  11.5  19.0  54.0  11.9  26.3  12.3  11.9  31.8  29.1  17.5  13.6  32.5  30.7  19.7   4.3  19.3   6.2  17.6
Jan-20  18.4  31.4  19.9  34.8  71.7  57.4  52.6  17.1  61.7  58.2  30.3  52.1  38.9  35.0  14.9  24.9  21.3  41.0  23.5  23.1  20.8  61.2   6.4  45.1  20.3  21.0  22.0  29.1  34.1   7.3  30.8  29.6  34.0  15.0  11.9  21.4  51.7  15.2  28.2  21.7  10.2  36.6  41.8  20.2  11.4  25.6  31.7  24.1   6.5  29.7   8.2  21.3
Jan-21  16.8  29.5  21.6  38.1  72.9  56.4  54.0  18.5  62.3  58.8  29.8  49.3  39.8  36.8  17.7  23.8  21.3  43.5  25.8  25.4  19.9  64.8   6.3  49.6  22.8  21.3  20.5  34.4  37.8   8.3  32.8  28.8  37.0  14.2  12.3  23.7  49.4  18.0  35.4  20.9  10.7  69.1  45.5  20.6  11.5  24.5  35.7  23.9   5.1  36.3   7.0  19.2
Jan-22  15.3  27.8  23.2  40.5  74.2  55.6  54.4  20.0  62.1  59.5  29.3  46.4  40.8  38.5  20.5  22.7  21.4  43.5  28.5  27.6  18.9  66.0   6.2  54.1  25.4  21.5  19.4  35.2  41.3   7.5  34.7  28.2  39.7  13.4  12.6  22.3  46.4  16.5  31.8  22.8  22.3  71.9  49.9  23.0  10.9  27.9  42.1  18.7   5.8  33.8  10.0  22.6
Jan-23  13.7  25.3  24.4  42.9  75.4  54.8  52.6  21.4  61.4  60.1  28.8  43.6  41.8  40.3  22.8  21.5  21.0  40.1  31.1  29.7  18.5  67.2   6.0  42.7  29.0  21.8  18.6  35.9  36.4   6.7  36.6  33.5  42.2  12.4  14.4  20.7  50.0  15.0  41.9  15.2  25.9  75.7  39.2  24.0   9.5  27.9  33.4  18.7   9.7  33.1   9.9  18.7
Jan-24  15.6  24.9  26.3  45.2  76.8  53.7  50.5  22.7  60.8  60.7  28.3  39.8  42.9  42.2  23.7  19.8  20.4  36.8  35.0  31.6  18.1  68.3   7.7  31.1  32.2  23.0  17.8  36.7  31.4   5.9  40.9  38.8  44.5  13.5  15.7  18.7  53.0  13.4  48.9  11.6  27.6  72.2  24.7  24.3   9.8  36.0  29.4  14.6  18.2  33.9   8.0  19.3
Jan-25  17.4  24.6  27.3  47.6  78.0  51.8  48.3  25.8  60.2  60.8  26.5  44.7  43.8  43.7  26.4  21.0  19.8  32.3  38.8  33.3  18.5  69.6   9.1  29.4  35.8  24.4  17.0  37.3  26.3   6.1  45.4  43.9  46.4  14.4  16.9  20.3  55.7  12.9  48.7  10.9  28.4  50.9  34.7  18.9  10.0  43.3  35.9  12.2  15.3  37.6   7.6  16.9
Jan-26  19.4  24.1  28.4  50.0  78.9  54.5  46.2  27.8  59.6  62.3  27.7  48.3  44.7  47.9  27.8  21.4  20.5  27.5  41.0  34.8  19.7  69.9  10.6  28.6  39.0  25.6  16.0  38.3  28.6   6.3  49.6  48.9  47.8  15.2  19.0  21.7  58.5  12.9  36.9  14.8  27.6  64.1  45.1  12.8   9.8  35.6  39.7  11.1  13.1  48.6   8.9  15.6
Jan-27  21.2  23.7  29.6  52.3  80.2  56.2  44.1  29.8  59.0  63.1  28.5  51.5  46.6  50.8  29.7  21.9  21.3  25.7  43.2  35.0  21.0  71.2  12.2  28.3  37.8  26.9  16.9  39.2  30.7   6.4  53.8  51.3  48.9  14.7  20.9  22.8  58.1  14.2  40.5  12.0  34.3  64.7  51.7  13.6   6.8  29.8  42.3  12.0  13.4  30.7  12.1  15.4
Jan-28  23.2  23.3  30.8  52.5  81.1  57.9  42.0  31.7  57.7  64.0  29.2  54.9  47.8  54.0  31.5  22.2  19.9  23.2  43.2  39.3  21.0  72.4  13.8  27.9  36.7  24.9  17.7  40.0  32.8   6.6  50.7  53.0  50.7  14.4  22.4  23.8  57.4  15.5  39.6   9.4  30.1  70.8  54.3  12.8   6.2  19.6  52.0  11.8  17.3  41.4  10.0  16.1
Jan-29  25.0  22.9  31.8  52.4  82.0  59.6  39.2  33.7  64.3  65.0  29.9  58.1  49.1  57.0  32.8  22.7  18.4  24.8  40.8  43.5  21.2  77.5  15.4  27.6  35.5  22.9  18.4  39.5  34.8   7.0  47.5  54.7  51.9  13.9  24.2  23.7  56.5  16.7  46.0   8.5  18.5  69.2  48.0  18.1  10.4  27.4  45.9  15.4  15.9  50.7  11.6  13.4
Jan-30  26.4  22.5  32.2  52.3  82.6  61.4  46.9  35.6  69.1  65.8  30.6  61.6  50.3  60.1  34.7  23.1  18.4  28.0  38.2  43.4  21.5  82.3  17.0  39.1  39.8  20.9  19.0  39.1  32.4   7.5  44.1  57.1  53.1  13.3  26.3  23.4  54.9  17.6  49.1  13.0  16.2  71.9  53.8  15.6  16.7  36.8  43.1  15.3  22.8  50.5  16.4  11.6
Jan-31  25.8  21.8  33.3  52.3  83.6  63.1  52.8  39.3  74.1  66.8  31.3  64.9  51.6  63.0  36.1  23.3  19.1  31.1  41.3  43.3  21.8  87.4  18.0  50.5  44.2  20.5  19.5  38.5  29.8   8.0  44.7  59.6  54.0  13.9  27.9  22.9  53.0  18.5  52.9  13.8  15.3  65.0  56.2  13.2  18.1  34.9  50.1  17.6  23.6  53.5  18.8  11.1
Feb-01  25.1  24.1  34.2  52.3  84.4  64.7  58.7  42.1  79.0  67.6  31.8  68.1  52.9  66.1  36.4  29.1  19.8  30.7  43.8  45.2  22.7  89.6  18.8  59.1  48.6  20.2  20.1  37.9  27.2   9.2  45.1  61.9  54.2  14.5  29.6  23.5  51.1  19.4  59.8  12.4  18.4  63.5  51.9   8.5  14.2  32.3  53.3  15.8  18.3  39.7  17.9  11.6
Feb-02  24.6  25.6  35.0  52.2  85.1  67.1  64.7  44.9  84.0  68.2  31.7  69.9  53.9  64.3  33.9  33.2  21.0  30.3  43.2  47.0  23.8  91.7  19.5  67.4  52.8  19.8  20.6  34.9  29.8  10.4  45.4  64.0  54.2  14.8  30.1  23.8  48.7  23.5  52.6  11.3  23.4  66.3  56.8   9.2  14.3  44.8  44.3  13.5  20.8  33.2  13.7  10.5
Feb-03  24.0  27.1  35.8  51.6  86.7  68.6  70.6  47.7  88.9  69.6  31.5  71.0  56.4  62.2  31.3  37.3  22.2  33.8  42.2  49.5  24.9  91.4  20.1  75.3  56.0  19.4  19.3  32.0  32.2  11.6  45.6  60.4  53.5  14.1  30.4  23.9  57.4  27.0  47.9  11.3  25.5  76.6  61.9   9.5  18.9  46.3  47.8  11.4  19.5  31.0  22.8  12.3
Feb-04  23.5  28.6  36.7  49.9  88.0  70.1  76.5  50.6  93.8  70.1  31.3  72.2  57.9  60.0  28.8  41.3  24.6  37.2  39.9  46.5  26.4  91.1  21.8  82.9  59.0  22.8  18.0  29.1  34.7  12.7  49.0  56.5  49.1  13.4  30.6  23.9  65.5  30.4  43.1  11.3  31.0  84.5  61.3  12.7  15.8  54.3  45.6  12.2  21.1  45.8  26.1  13.5
Feb-05  22.8  30.1  37.5  48.1  89.4  71.6  82.3  53.4  92.3  70.7  31.1  73.2  59.5  58.0  26.1  45.4  27.0  39.1  33.8  43.5  27.9  91.7  23.6  90.8  62.2  25.6  16.7  31.5  37.1  12.5  52.2  52.6  44.6  12.6  30.7  23.8  73.2  31.6  39.4  12.7  40.4  85.6  70.8  15.0  13.4  63.0  33.8  12.9  12.4  58.1  24.6  12.7
Feb-06  21.5  31.6  38.2  46.3  91.0  73.2  84.5  56.1  90.9  71.3  30.9  74.5  60.9  55.9  23.5  49.6  28.9  38.5  27.5  43.5  29.2  92.1  25.3  86.2  59.8  28.6  16.6  33.9  36.3  12.3  55.2  52.2  40.1  11.6  31.8  23.5  66.7  33.0  39.2  11.7  30.9  88.8  62.8  15.0  24.8  58.1  40.4  12.9  16.6  55.2  21.9  13.8
Feb-07  27.1  33.1  41.5  44.6  92.5  74.6  86.2  56.0  89.5  71.9  30.7  75.6  62.5  53.9  19.9  53.5  32.2  37.8  24.9  43.4  30.5  92.6  30.5  81.5  57.7  28.0  16.5  36.1  35.5  12.1  54.7  51.9  35.4  16.7  32.5  22.9  60.0  34.0  44.3  10.1  37.5  86.7  61.1  12.8  26.4  72.2  40.8  20.6  24.2  37.8  18.4  11.1
Feb-08  31.0  37.5  43.8  42.8  93.9  75.8  88.0  55.3  88.2  72.5  30.1  76.7  64.1  51.0  24.5  54.3  35.5  37.3  22.3  44.7  32.4  94.6  35.0  75.5  55.4  27.3  16.4  38.4  34.7  14.5  54.2  51.3  34.9  21.3  33.2  27.4  53.1  34.6  47.3  10.0  25.1  85.0  60.6   8.0  19.7  63.8  46.9  27.2  22.4  37.9  14.9  10.0
Feb-09  35.3  40.7  46.4  41.0  95.0  76.6  89.9  54.5  86.7  72.5  29.7  73.5  65.5  54.3  27.7  54.3  34.6  36.8  20.1  45.9  37.6  96.6  35.5  69.5  53.2  26.6  16.3  35.8  36.4  17.4  53.7  50.2  34.9  25.9  35.2  31.7  44.9  34.9  46.1   8.9  31.1  89.8  70.6   7.8  22.0  73.2  41.6  23.5  32.2  38.2  14.8   9.1
Feb-10  39.6  43.8  49.1  38.7  94.1  76.8  91.9  53.7  85.4  74.5  28.9  70.2  66.8  56.5  30.9  54.4  33.5  34.9  17.0  46.4  42.8  96.1  35.8  65.9  48.9  25.8  16.2  33.2  38.0  20.0  52.7  53.5  34.7  26.5  37.0  35.5  45.8  34.9  50.1   8.4  40.0  90.3  76.3  11.5  25.2  76.1  53.4  22.9  32.3  35.2  15.9   6.7
Feb-11  43.9  46.9  51.7  38.5  94.0  76.9  93.7  53.0  83.3  75.6  28.3  66.9  67.5  58.8  33.8  54.5  34.0  32.7  18.2  45.4  43.5  95.8  37.4  62.4  44.7  26.1  16.0  30.4  39.6  22.6  58.2  55.9  35.2  26.9  38.7  39.4  46.0  35.1  49.4  12.0  24.4  94.6  75.6  22.3  24.3  81.4  60.8  22.8  35.1  26.5  17.4   5.9
Feb-12  47.8  50.1  54.0  38.1  93.3  77.2  95.3  52.3  82.3  76.8  27.5  63.6  68.3  61.2  37.0  54.7  34.0  32.7  19.4  44.5  44.2  95.8  39.0  58.8  40.3  26.3  15.7  32.2  41.0  20.3  63.4  58.3  36.1  27.2  40.1  42.2  45.5  35.2  55.8  16.5  18.2  95.4  75.1  26.1  26.4  79.0  62.5  16.2  37.9  30.5  12.6   6.0
Feb-13  50.0  53.3  55.1  37.8  92.9  77.4  95.5  50.8  80.7  78.1  26.8  60.3  68.9  63.5  40.2  54.7  36.7  32.2  20.6  43.5  44.8  95.8  40.5  61.8  44.7  26.5  16.7  33.8  40.8  18.0  68.6  58.3  36.8  27.6  45.0  44.5  49.0  35.1  54.7  14.5  20.9  88.8  79.6  35.3  20.9  80.5  51.8  17.2  37.9  54.8  13.3   5.7
Feb-14  52.8  56.3  52.3  37.5  92.3  77.7  95.5  50.8  79.2  79.1  25.7  57.0  69.7  65.8  43.4  54.5  35.9  31.7  25.5  42.5  45.4  95.8  40.0  63.9  48.8  25.3  17.5  35.4  40.4  15.7  74.3  58.0  36.7  25.8  49.1  46.7  51.7  35.2  33.8  12.2  21.5  91.5  78.2  48.0  20.0  70.0  51.4  29.4  46.6  60.6  11.7  10.0
Feb-15  54.7  57.2  49.4  37.2  92.1  77.7  95.7  50.2  77.8  80.4  25.8  52.6  70.5  67.5  43.5  54.7  34.9  32.8  30.3  41.7  47.3  94.6  39.5  77.6  53.0  24.1  18.2  37.0  40.0  17.1  80.2  57.9  34.3  23.9  52.9  41.5  54.0  35.1  32.5  11.4  21.1  91.1  79.0  32.1  17.5  69.1  47.4  29.8  42.4  62.4  10.6   7.7
Feb-16  56.6  57.5  46.5  36.8  91.4  80.1  95.9  49.7  76.3  81.5  25.7  50.3  71.0  68.7  43.4  54.7  38.7  33.8  30.5  40.6  49.2  93.2  36.5  90.1  56.8  22.8  18.9  38.7  41.5  18.4  85.7  57.2  31.8  21.6  54.0  36.4  56.1  35.9  40.1  11.9  18.6  92.1  86.1  28.8  26.6  59.7  51.8  22.4  43.0  47.3  10.6   8.2
Feb-17  58.5  57.7  43.6  36.0  91.7  82.2  96.2  49.1  74.8  82.4  25.5  47.7  73.9  69.5  43.2  54.7  42.5  37.9  30.8  40.5  51.2  91.7  34.0  92.9  58.6  21.5  19.7  40.2  43.0  19.6  91.3  59.9  28.5  23.4  55.0  30.9  56.0  36.5  40.7  12.0  31.5  92.5  92.0  25.3  27.6  56.8  57.8  22.9  38.8  40.4  14.7  10.8
Feb-18  60.6  58.1  40.7  35.0  91.6  84.6  96.2  48.6  72.5  81.9  25.4  45.3  76.2  70.2  43.1  54.7  44.5  41.9  30.0  39.3  53.8  90.1  31.4  95.4  60.2  19.5  20.5  41.9  44.4  20.9  85.3  62.3  32.3  24.9  55.8  24.4  55.2  37.0  38.9  11.3  47.8  94.4  92.9  33.8  22.2  43.4  65.4  22.6  42.1  48.6  14.7  12.1
Feb-19  62.4  58.3  37.8  33.8  91.8  86.9  96.4  48.1  68.6  81.3  25.3  42.9  78.3  70.9  42.9  54.7  46.2  45.7  30.3  38.1  56.4  88.7  28.8  98.2  61.7  17.6  21.2  39.5  45.7  18.9  79.2  64.5  35.8  26.4  56.0  32.7  54.5  33.5  21.3  10.7  39.9  94.4  93.6  28.9  16.9  41.3  64.5  21.0  46.7  46.9  16.4  20.0
Feb-20  64.2  58.6  33.7  32.5  92.0  89.4  95.9  47.0  64.6  80.9  25.2  40.5  80.8  71.7  42.8  54.7  46.8  44.2  30.6  35.5  60.1  87.1  25.8  94.3  62.8  15.6  24.6  37.4  44.7  16.9  73.3  60.6  39.0  27.5  53.5  39.7  56.9  30.0  20.8  11.4  28.3  92.6  95.4  21.6  16.4  48.5  69.2  27.4  48.3  51.8  10.9  18.9
Feb-21  65.0  58.3  33.6  31.3  92.3  91.5  95.9  48.1  60.6  80.2  25.0  37.9  83.0  72.4  42.2  54.0  47.4  42.6  27.8  32.6  63.7  85.2  25.8  90.7  63.7  15.2  28.0  35.1  43.5  15.0  74.8  56.9  42.0  26.1  50.7  46.7  59.1  26.1  36.5  12.3  30.1  86.5  95.6  19.4  17.3  41.5  67.1  30.6  43.5  39.9  10.9  12.7
Feb-22  65.3  59.2  33.2  30.0  92.3  93.9  95.6  48.8  56.5  79.6  24.9  33.7  85.3  73.1  41.2  54.1  47.9  41.8  24.5  34.3  67.0  87.6  25.1  80.8  64.4  15.0  31.2  32.8  42.2  14.5  76.3  53.0  45.1  24.3  47.6  44.5  61.1  21.9  44.6  11.6  45.5  75.9  95.7  18.4  17.1  47.9  58.0  17.2  31.7  42.0  12.8  11.4
Feb-23  65.6  59.7  32.9  28.8  92.3  94.1  95.6  49.5  52.5  78.7  24.4  34.2  87.4  73.5  40.3  53.5  48.8  40.9  26.3  35.6  67.2  89.6  27.1  69.6  65.3  14.7  34.6  32.4  38.8  14.0  77.4  48.0  47.5  22.2  47.6  42.0  62.8  22.2  52.2   9.5  37.2  73.3  96.1  20.9  14.6  48.0  56.6  15.5  27.7  53.3  23.3  10.0
Feb-24  66.0  60.1  32.4  27.0  92.2  94.3  95.4  50.2  48.6  79.2  23.3  33.7  80.8  73.4  39.3  52.9  49.6  44.2  27.6  37.2  67.4  90.4  29.3  68.5  59.0  14.0  32.0  32.0  35.6  13.5  78.8  51.3  49.7  24.6  47.4  39.5  63.5  22.3  63.8   9.7  33.5  83.8  94.2  21.5  12.2  39.3  54.2  16.1  27.5  65.8  34.4  15.9
Feb-25  66.3  60.5  32.1  29.8  92.0  94.7  95.4  51.0  42.5  79.3  22.0  33.1  74.1  73.3  38.4  52.4  51.5  47.2  29.8  35.9  71.3  91.0  31.6  67.0  52.8  14.2  29.6  31.6  32.3  12.9  84.3  54.0  49.3  26.4  46.8  36.9  64.4  22.2  60.9   9.7  29.1  91.9  94.0  19.3  11.0  30.9  52.9  16.1  24.9  65.7  34.3  10.9
Feb-26  66.7  61.0  31.7  31.7  91.9  95.0  95.1  51.7  41.9  79.6  20.8  32.5  67.4  73.3  37.4  51.7  53.3  52.8  31.7  34.5  75.0  92.7  33.8  65.0  45.7  14.3  27.1  29.3  28.8  12.9  89.4  56.6  48.6  27.9  45.9  41.3  65.2  20.9  48.1   9.7  33.0  94.0  95.9  16.0  12.0  30.6  62.2  16.9  23.0  67.2  18.4  10.0
Feb-27  66.7  61.4  30.8  33.7  91.6  95.4  92.5  52.3  41.0  80.0  19.4  31.9  60.5  73.3  36.5  51.2  54.0  55.9  33.5  33.8  76.6  94.4  36.0  67.6  49.9  14.3  25.5  26.9  30.6  12.8  94.9  53.7  47.7  29.5  49.0  45.8  70.4  19.8  48.5  13.3  24.2  93.5  95.6  14.3   8.6  26.1  73.1  17.4  18.4  43.9  23.9   8.1
Feb-28  65.5  61.4  32.4  35.6  91.6  95.6  89.8  55.9  40.2  80.0  18.1  31.4  53.9  73.2  34.8  49.7  50.3  59.0  32.8  33.0  78.3  96.1  37.7  69.3  53.9  13.7  23.9  24.6  32.3  12.7  95.2  50.7  46.6  30.9  51.4  50.0  75.2  18.5  58.5  11.7  22.5  92.4  96.3  14.0   8.4  23.8  80.5  25.2  17.8  45.7  25.5   7.8
Feb-29    NA    NA    NA  37.5    NA    NA    NA  58.3    NA    NA    NA  30.6    NA    NA    NA  52.4    NA    NA    NA  34.8    NA    NA    NA  72.6    NA    NA    NA  22.1    NA    NA    NA  47.5    NA    NA    NA  49.9    NA    NA    NA  11.0    NA    NA    NA  16.1    NA    NA    NA  32.0    NA    NA    NA  11.7
Mar-01  63.8  57.5  33.3  39.5  91.5  95.8  87.3  60.8  39.4  80.4  16.1  38.6  47.1  73.0  32.5  53.7  46.4  60.0  32.0  36.4  77.1  96.6  39.0  74.6  57.4  13.2  22.3  19.7  34.0  16.1  95.5  43.7  47.6  31.6  53.8  49.4  79.8  17.1  60.1  10.6  18.3  95.7  96.3  15.3   8.8  27.5  90.3  32.1  15.5  57.7  24.3  12.1
Mar-02  62.2  53.1  34.2  41.2  91.2  95.4  84.8  63.2  38.5  80.5  15.8  44.6  38.5  72.4  29.9  55.1  47.8  61.0  30.6  37.7  69.8  96.9  40.3  80.8  61.0  12.5  20.7  17.3  36.0  19.4  95.8  42.2  48.2  32.2  52.0  48.5  85.1  16.7  49.5  12.0  20.9  94.5  90.4  31.6  15.7  28.1  81.7  25.1  19.3  56.9  23.0   9.4
Mar-03  60.6  48.6  35.1  41.7  89.1  95.2  82.5  65.7  37.7  80.4  15.4  50.8  42.3  71.6  27.4  56.3  49.2  64.2  29.0  36.3  62.3  96.3  41.6  86.0  61.7  11.7  19.0  14.8  38.0  22.8  96.1  40.0  48.5  31.3  50.1  47.7  83.3  16.5  54.0  10.7  29.9  92.0  89.1  38.9  18.6  26.6  85.5  24.7  18.7  60.0  24.9   8.0
Mar-04  59.0  44.3  36.0  41.6  87.3  94.9  79.8  68.1  36.3  82.9  15.0  57.0  44.8  70.9  24.9  57.8  46.8  67.3  28.7  34.9  61.0  95.8  41.6  91.1  62.3  11.3  17.3  14.9  39.8  26.1  96.1  37.6  51.4  30.6  47.7  47.1  81.5  16.0  51.8  12.8  35.3  95.8  91.3  38.4  24.1  22.1  87.0  21.5  17.8  60.0  21.1   7.7
Mar-05  57.4  39.8  36.9  41.4  85.4  94.6  76.3  70.3  35.3  85.1  14.5  63.2  47.3  70.1  22.3  59.1  44.0  68.6  28.7  31.6  59.2  95.4  41.7  88.0  62.7  10.9  15.5  14.9  41.7  25.3  96.1  35.6  53.8  29.4  45.4  46.3  79.3  16.2  51.9  23.1  37.1  96.0  95.5  37.6  21.7  22.6  88.3  16.7  21.4  57.0  20.1   5.8
Mar-06  54.8  35.4  37.6  41.2  83.7  94.4  77.8  66.8  34.3  87.1  14.1  69.2  49.8  69.3  19.8  60.1  45.3  71.3  28.6  28.3  53.9  95.1  41.7  84.1  58.6  10.3  21.0  14.9  41.7  24.4  96.1  33.4  56.0  28.0  54.9  44.8  75.9  16.4  52.4  20.6  30.9  96.1  96.4  34.9  19.8  22.4  81.9  21.5  19.4  49.9  15.1   5.8
Mar-07  51.0  29.9  36.1  41.1  81.8  94.1  78.8  63.3  33.3  89.1  13.7  75.0  52.3  68.6  16.2  59.1  51.5  73.8  28.7  26.8  48.1  94.7  41.2  91.6  54.4   9.8  26.0  14.9  41.5  23.6  96.1  31.0  57.9  29.5  63.2  48.4  72.5  16.4  55.1  10.3  30.9  94.7  90.5  18.6  18.2  19.6  85.2  20.9  21.2  37.3  14.3   5.1
Mar-08  47.4  33.7  34.4  41.0  80.0  93.6  79.8  59.7  32.2  91.3  12.8  75.8  54.8  67.3  17.8  57.8  57.6  72.6  28.6  25.0  44.5  92.4  40.4  98.2  50.0   9.3  31.0  13.8  41.3  22.5  96.2  28.2  58.6  30.5  71.4  51.4  69.1  16.5  49.8  10.0  28.5  94.7  92.2  17.1  16.1  22.3  90.6  18.0  24.1  42.1  12.2   4.1
Mar-09  43.7  36.6  32.7  40.6  77.1  92.6  80.9  56.0  31.2  93.3  12.3  76.2  57.1  67.9  18.9  56.3  62.8  71.3  30.7  28.5  44.5  89.8  39.6  94.9  45.4   8.8  36.0  12.7  39.7  21.4  96.2  29.9  58.9  31.5  66.1  54.2  65.7  16.6  61.4   9.1  23.4  93.6  90.2  16.2   9.5  19.3  95.7  17.8  20.3  32.4  12.4   3.7
Mar-10  40.0  39.7  31.2  42.1  75.1  91.7  81.9  52.4  30.2  89.3  11.8  76.4  53.0  67.9  19.9  55.0  68.2  69.8  32.7  31.0  44.4  88.1  38.7  91.5  45.2   8.1  30.4  11.5  38.1  20.3  96.2  31.3  58.9  29.5  60.8  57.1  61.8  16.8  45.9   9.5  23.3  91.0  82.4  15.2  10.9  17.5  89.9  13.3  17.4  32.6  14.0   3.3
Mar-11  36.2  42.8  29.5  42.9  73.2  90.7  82.9  48.9  28.3  85.2  11.3  76.8  48.8  67.9  21.0  53.5  67.7  68.1  32.7  33.5  42.1  86.0  37.9  88.5  44.8  10.2  25.0  11.0  36.4  19.1  94.4  32.5  58.0  27.3  55.0  55.9  61.1  16.6  41.4   9.3  20.7  88.4  74.1  15.7  15.2  17.5  86.6  13.5  14.7  37.0   9.7   3.0
Mar-12  32.6  45.9  27.9  43.8  71.2  89.9  83.6  44.4  30.7  80.9  10.8  76.9  44.6  67.8  22.0  52.2  67.2  64.3  32.0  41.1  39.5  86.2  37.1  80.9  43.9  12.1  19.3  10.5  34.5  17.9  92.6  30.5  56.7  24.7  49.0  54.3  59.2  17.0  39.7   8.6  19.9  88.7  75.2  12.5  28.5  17.6  50.9  13.6  12.3  36.9   9.6   2.9
Mar-13  27.2  48.9  25.3  44.7  69.4  88.9  80.2  43.9  32.3  76.9  10.2  77.4  40.4  67.8  23.0  49.7  65.6  59.0  31.0  48.8  40.5  86.1  35.9  72.7  43.1  13.9  18.3   9.9  32.6  16.5  90.9  28.5  55.3  22.2  46.1  52.4  57.6  17.1  39.8   8.4  17.6  94.3  76.3  12.3  34.9  21.1  51.2  11.1  12.8  39.1  14.5   2.9
Mar-14  29.4  51.2  25.2  45.6  67.4  88.0  76.8  43.2  33.9  72.8   9.7  77.6  36.2  67.8  23.8  49.4  67.2  53.6  27.1  53.7  40.8  86.2  34.8  73.8  42.3  14.3  17.5   9.4  30.6  15.2  89.4  26.3  53.2  19.4  43.1  54.6  55.6  17.1  30.9   7.6  15.8  89.8  72.6   9.9  35.4  16.5  49.9   9.6  13.5  44.6  14.6   2.6
Mar-15  29.0  50.5  23.9  46.4  65.5  86.7  73.4  42.4  35.5  68.8   9.0  77.5  32.0  67.3  22.3  48.2  68.5  45.7  23.0  58.5  44.7  85.5  33.3  74.5  41.2  14.6  16.6   9.5  28.7  15.6  88.1  23.3  53.8  16.6  39.6  56.3  53.7  14.5  52.6   7.3  18.2  82.6  64.8  10.5  30.9  20.1  47.8  11.0  14.1  54.0  17.2   2.4
Mar-16  27.9  48.8  22.4  46.9  62.9  82.1  70.1  41.6  37.1  64.4   9.4  71.3  25.6  68.2  20.8  47.2  71.5  37.7  21.3  60.8  46.7  84.6  32.1  75.2  39.4  14.8  15.7   9.6  29.4  16.2  86.3  27.7  54.1  13.7  38.4  57.9  51.5  11.3  35.6   8.1  17.1  88.3  63.5   8.6  26.9  16.5  31.4  13.0  14.8  47.9  12.8   2.5
Mar-17  27.6  46.9  20.8  44.8  64.7  77.2  66.7  40.9  38.6  58.9   9.8  65.0  27.8  68.5  19.4  45.9  74.1  34.4  19.3  62.9  48.3  82.3  30.7  76.0  40.4  15.1  14.8   9.7  29.9  16.7  84.6  31.3  54.3  14.0  37.0  59.5  48.8  11.2  40.4   8.6  15.9  94.2  62.6   6.9  20.8  15.5  31.5  10.2  13.3  38.1  10.8   1.2
Mar-18  26.5  44.8  19.3  42.5  65.3  72.4  63.4  40.1  40.1  59.1  10.1  58.7  29.3  68.6  17.8  44.9  75.3  30.3  18.7  63.0  50.5  79.7  29.2  76.1  40.9  14.6  14.0   8.9  29.9  17.1  83.6  34.6  51.0  14.3  34.6  54.4  42.3  11.6  40.9   7.6  19.0  94.0  56.7   6.1  18.2  15.4  28.1  10.1  13.2  32.3  10.0   1.0
Mar-19  25.4  42.9  18.0  40.3  66.2  67.4  58.6  38.1  38.9  58.4  10.4  52.7  30.8  68.9  16.3  43.7  76.3  29.1  17.8  61.0  52.5  80.2  27.7  76.6  41.2  14.1  12.8   8.1  30.8  16.0  82.1  31.4  47.7  14.4  33.4  48.6  34.4  10.5  42.4   6.5  17.7  90.0  57.0   8.3  20.0  19.4  40.3  10.8  12.1  29.9  13.1   1.1
Mar-20  25.1  41.2  16.1  38.1  67.1  62.7  59.1  37.7  37.6  57.9  10.7  46.4  32.3  69.1  14.8  41.3  74.4  27.1  16.9  59.0  57.3  80.7  25.5  76.9  41.7  13.6  12.4   7.3  29.5  15.1  80.3  28.2  44.3  14.6  35.5  34.7  33.3   9.3  30.5   5.7  16.2  88.5  58.3   9.2  18.1  19.4  30.0  10.0   9.9  25.2   9.3   0.9
Mar-21  23.9  38.9  17.0  35.9  68.1  57.8  58.6  36.5  36.2  56.9  11.0  40.1  33.8  69.4  12.6  40.1  72.2  24.8  16.8  63.9  61.9  80.9  21.9  63.6  42.0  13.0  11.9   6.4  28.4  14.1  79.0  24.8  39.9  14.4  37.2  34.7  31.8   8.2  37.6   5.3  17.0  82.2  57.0   4.2  16.4  19.4  29.8  10.8   9.3  23.2   8.7   0.9
Mar-22  21.6  37.7  17.0  33.6  68.7  51.9  57.8  35.5  34.8  56.3  11.4  31.3  35.4  68.9  13.1  38.2  69.8  22.4  16.6  68.6  62.9  77.2  18.5  48.1  42.1  12.3  11.4   6.4  27.1  16.7  77.3  20.8  40.5  14.3  38.9  34.6  30.3   7.0  30.2   4.6  18.3  79.4  51.1   3.9  12.1  17.4  26.6  14.3   8.2  23.2   9.0   1.4
Mar-23  18.9  35.9  16.7  30.0  69.0  51.2  57.4  34.3  33.4  54.3  11.6  46.2  36.7  62.6  12.5  36.5  68.3  19.9  15.9  69.9  59.2  73.0  17.0  46.0  41.9  11.5  11.1   6.4  25.9  19.4  75.2  21.3  40.4  14.1  35.2  34.5  28.2   5.5  24.0   4.4  19.5  80.3  53.5   3.9  12.2  14.2  26.5  13.7   8.2  23.4   8.4   1.2
Mar-24  16.5  34.5  16.4  30.7  66.6  50.7  56.6  33.2  32.1  53.2  11.2  58.7  34.9  56.5  11.6  34.6  66.9  18.9  14.8  63.8  55.0  70.3  15.6  43.7  46.7  11.0  10.8   6.4  24.6  22.1  72.8  21.5  40.0  13.6  31.8  34.3  26.2   4.9  21.4   2.4  17.4  83.2  76.8   3.7  11.3  13.1  23.9  11.6   8.0  20.7   8.8   1.5
Mar-25  13.8  33.0  16.1  29.1  63.9  50.0  56.1  32.1  29.9  51.9  10.7  54.5  33.0  50.2  10.8  32.9  62.4  17.2  13.9  57.0  52.6  67.2  14.4  40.8  51.0  10.4  10.5   5.5  23.3  24.7  72.9  21.5  39.8  13.2  26.7  33.7  25.2   4.2  31.3   2.0  15.2  84.3  64.3   4.1  11.3  14.7  27.1  11.3   7.1  20.4   8.4   0.8
Mar-26  11.2  31.6  16.0  26.9  61.4  49.3  54.7  30.4  28.5  50.5  10.3  50.3  31.0  44.0  10.0  31.0  57.0  16.3  13.0  54.4  49.8  62.9  13.3  42.0  55.3   9.8  10.2   4.8  22.0  22.3  71.9  21.5  39.1  12.7  23.0  26.8  24.6   3.9  29.4   0.2  12.1  89.6  52.0   3.7   9.9  13.7  25.4  11.3   6.8  16.3   7.4   0.5
Mar-27   8.6  29.8  15.3  24.8  58.8  48.5  51.4  32.9  27.1  48.9   9.9  46.1  29.1  37.8   9.4  28.6  52.5  15.5  12.3  51.2  47.3  58.5  11.8  41.1  54.3   9.1  10.1   3.9  21.1  19.8  71.4  21.4  38.6  12.1  24.1  27.1  22.4   3.6  30.2   0.4  11.8  88.2  52.2   3.2   9.0  13.5  25.1   9.0   6.1  15.6   7.7   0.5
Mar-28   8.5  25.6  18.3  22.5  56.3  48.0  47.7  34.8  25.7  47.6   9.4  41.9  27.2  31.6   8.4  26.7  50.1  14.6  11.5  43.7  44.0  52.8  11.9  44.7  52.9   8.0   9.9   2.8  20.1  17.5  63.4  21.1  37.5  12.4  24.5  26.2  20.5   3.4  33.2   0.1  11.0  84.5  56.5   3.2   9.6  12.9  23.3   9.8   5.5  18.2   7.7   0.4
Mar-29   8.2  25.3  20.4  21.0  53.6  45.9  44.3  36.6  24.3  44.9   9.0  36.2  25.3  22.5   8.3  25.0  47.4  13.9  10.7  35.0  41.8  54.5  11.9  46.7  51.4   6.9   9.8   2.8  18.7  15.8  55.4  20.4  37.2  12.6  24.9  25.6  18.6   3.1  32.5   0.1  11.0  87.3  59.3   3.1  10.8  13.8  21.2   8.7   4.5  18.9   7.2   0.4
Mar-30   8.1  24.8  22.4  18.4  50.5  45.3  40.6  38.5  23.0  43.1   8.3  35.1  22.4  22.2   8.0  23.1  39.3  13.1  10.0  29.8  39.5  55.4  11.3  48.7  49.4   5.6   9.6   2.9  18.2  14.2  47.1  20.4  36.8  12.8  23.5  24.8  16.4   2.8  45.9   0.2  10.7  91.5  41.8   3.1  10.9  12.4  22.8   7.1   4.4  17.9   6.5   0.4
Mar-31   7.8  24.2  24.5  18.3  46.9  44.4  37.1  40.2  21.5  41.2   7.9  33.9  20.2  21.5   8.0  21.2  30.9  12.5   9.2  27.2  37.0  52.9  10.7  50.8  44.5   4.6   9.5   2.8  17.4  12.1  36.8  20.2  36.2  11.9  22.5  23.1  14.2   2.6  31.2   0.1  10.8  77.5  44.1   3.3   9.8  10.6  24.1   7.1   3.6  16.6   6.4   0.4
Apr-01   7.7  23.6  26.6  17.7  43.4  43.5  33.4  42.2  19.4  39.3   7.6  32.6  18.1  20.8   8.0  19.3  27.8  11.8   8.9  24.4  35.5  50.3  10.3  52.6  39.7   3.7   9.3   2.3  16.5  10.6  38.2  20.0  30.9  11.0  20.9  22.4  11.2   2.3  29.2   0.1  10.4  80.3  45.6   3.3   7.6  10.8  19.4   6.2   2.9  16.7   6.2   0.3
Apr-02   7.4  23.0  28.6  17.0  39.8  42.7  27.7  43.0  18.7  37.5   7.2  31.3  15.8  20.1   7.6  17.5  23.8  11.5   8.6  25.8  34.0  49.0   9.8  48.6  33.9   2.7   9.1   1.8  15.9  10.1  38.9  17.9  25.6  10.0  19.4  15.8  10.6   1.8  32.5   0.0   9.5  75.6  45.3   3.3   7.7  11.5  18.4   5.5   2.0  16.6   6.6   0.2
Apr-03   7.3  22.5  30.6  16.2  36.1  41.8  26.7  38.8  17.9  35.5   6.8  30.1  13.6  19.4   7.6  14.4  23.3  10.9   8.4  27.0  31.3  47.5   9.1  43.0  33.7   1.7   8.5   1.3  16.0   9.6  39.6  15.9  20.3   8.9  16.5  15.1  10.3   1.2  25.5   0.0   8.9  78.1  40.6   2.1   7.3   9.8  16.7   5.8   1.9  17.5   6.1   0.0
Apr-04   7.0  21.2  29.7  15.4  32.5  40.9  25.2  34.5  17.1  33.7   6.4  28.9  11.3  18.7   7.3  13.5  22.7  10.2   8.2  24.0  27.8  45.7   8.3  34.8  33.7   2.0   7.8   0.5  16.1   9.0  38.7  13.7  13.8   8.6  13.4  14.6   9.9   0.7  19.2   0.0   9.0  65.8  35.8   2.0   6.8  11.1  16.7   5.2   1.9  14.9   6.0   0.0
Apr-05   6.8  20.4  28.7  14.8  29.0  39.4  23.8  30.3  16.4  31.7   5.9  27.0   9.2  17.4   5.7  12.6  22.0   9.9   7.9  20.3  25.3  43.0   7.3  25.4  33.5   2.3   7.2   0.4  16.2   8.9  37.7  11.0  13.6   8.3   9.9  14.0   9.6   0.0  16.4   0.0   9.2  65.8  34.2   2.4   6.4   9.1  17.6   4.3   1.9  13.3   6.2   0.0
Apr-06   6.5  19.4  27.7  14.1  23.2  38.1  22.4  26.0  15.6  28.9   5.2  24.3   5.9  16.5    NA  11.7  22.1   9.6   7.7  17.6  22.7  40.8   6.7  26.1  32.7   2.6   6.6   0.3  15.1   8.8  36.4  10.6  13.3   8.1   9.0  13.4   9.2   0.0  13.4   0.0   9.1  59.5  36.9   2.2   6.1   8.9  16.9   4.4   1.5  13.4   6.0   0.0
Apr-07    NA  18.4  26.7  13.7  22.8  36.8  21.0  21.8  14.9  29.0   4.5  21.4   6.9  15.4    NA  10.8  22.1   9.4   7.4  16.7  20.0  39.7   6.1  26.6  31.7   2.8   6.2   0.2  14.1   8.8  35.5  10.1  12.8   7.5   8.1  12.5   9.4   0.0  13.2   0.0   9.0  52.4  42.7   2.0   3.9   9.0  18.9   4.4   1.2  12.3   5.1   0.0
Apr-08    NA  17.4  25.7  13.2  22.2  35.3  19.5  17.6  13.8  28.8   3.8  17.9   7.5  14.2    NA   9.9  22.6   9.2   7.1  15.6  18.7  38.7   5.7  27.0  30.6   2.9   5.7   0.2  12.9   8.6  35.1   9.6  12.3   7.0   7.1  11.7   8.4   0.0  13.2   0.0   9.3  52.5  43.6   1.8   3.6   9.2  19.8   4.5   0.9  11.8   4.7   0.0
Apr-09    NA  16.5  24.7  12.8  21.7  33.8  17.2  11.8  12.5  28.6   3.1  17.7   8.2  13.0    NA   9.1  22.9   9.1   6.8  15.6  17.5  37.5   5.3  27.5  29.2   2.9   5.2   0.2  11.4   8.7  34.7   9.6  11.9   6.3   6.0  10.7   8.1   0.0  12.9   0.0   8.2  49.4  43.9   1.8   3.3   9.6  16.6   3.2   0.6  11.7   6.1   0.0
Apr-10    NA  15.5  22.6  12.4  21.1  32.3  16.0  11.0  11.3  28.4   2.4  17.4   8.7  11.9    NA   7.7  22.4   8.9   6.7  15.6  16.6  36.4   4.7  27.4  28.1   3.0   4.2   0.2  11.9   8.8  34.0   9.6  11.4   5.6   6.2  10.1   7.8   0.0  14.1   0.0   8.0  39.6  41.8   1.7   3.3   9.4  16.7   1.9   0.0   9.8   4.6   0.0
Apr-11    NA  13.9  21.8  12.0  20.6  31.0  15.1  10.3  10.2  28.2   1.7  17.0   9.4  10.8    NA   9.4  20.5   8.7   6.0  14.9  15.4  34.5   4.4  26.3  27.0   2.4   3.2   0.2  12.2   8.9  31.7   9.6  10.7   5.4   6.3   9.8   7.7   0.0  10.4   0.0   8.2  41.0  30.6   1.7   3.4   9.1  16.6   1.5   0.0   9.4   4.6   0.0
Apr-12    NA  13.3  20.2  11.5  20.0  28.9  13.9   9.5   9.0  28.0   0.7  16.4  10.0   9.0    NA   8.9  18.4   8.7   5.3  14.3  14.7  32.4   4.2  24.6  25.9   1.8   2.2   0.2  12.5   8.5  29.3   9.6  10.1   5.2   6.3   9.4   7.7   0.0   8.0   0.0   7.2  37.2  29.3   1.7   1.4   8.3  17.4   1.5   0.0   9.3   4.5   0.0
Apr-13    NA  12.7  18.6  10.1  19.0  26.9  12.9   8.8   7.9  27.3   0.7  15.7  10.5   8.5    NA   8.1  16.2   8.6   5.3  13.8  13.9  30.3   4.0  23.7  24.6   1.2   1.2   0.1  11.5   8.2  26.4   9.5   9.5   4.9   5.7   9.0   7.5   0.0   7.4   0.0   7.2  43.0  27.4   1.8   0.6   8.2  15.5   1.1   0.0   9.4   4.4   0.0
Apr-14    NA  12.1  16.9  10.0  18.6  24.7  11.8   8.0   6.6  26.0   0.6  14.9  10.0   7.8    NA   7.2  14.0   7.8   5.3  13.4  13.0  28.2   3.9  22.6  22.4   0.6   1.0   0.1  10.6   7.9  23.9   9.2   8.9   3.9   5.1   8.6   7.5   0.0   7.1    NA   7.1  39.2  23.0   1.7   0.5   8.0  16.0   0.8   0.0   8.8   4.2   0.0
Apr-15    NA  11.5  15.4   9.2  18.3  22.7  10.8   7.2   5.1  24.7   0.6  14.1   9.6   7.2    NA   6.4  13.6   7.0   6.4  13.0  12.6  25.8   3.3  21.2  20.2   0.5   0.8   0.1   9.6   7.3  22.7   9.0   8.7   2.9   3.9   8.2   7.3   0.0   6.0    NA   7.4  38.4  23.0   1.5   0.2   8.9  14.1   0.8   0.0   7.4   3.8   0.0
Apr-16    NA  10.9  13.8   8.2  18.0  20.7   8.8   6.1    NA  23.5   0.6  13.4   9.1   6.5    NA   6.1  12.4   6.0   6.1  12.9  12.1  22.8   2.8  20.6  17.3   0.4   0.3   0.1   8.4   7.3  21.4   8.1   8.4   2.0   3.4   8.2   7.0    NA   5.4    NA   7.3  31.2  25.2   1.5   0.3   8.3  13.1   0.4   0.0   6.9   3.9   0.0
Apr-17    NA  10.2  10.9   7.2  17.6  18.8   8.6    NA    NA  22.1   0.5  12.6   8.7   5.9    NA   5.1  12.5   5.8   5.5  12.8  11.2  19.8   2.2  19.8  17.3   0.3   0.2   0.0   7.5   7.3  20.0   7.2   8.2   0.9   3.1   7.5   7.0    NA   2.9    NA   7.0  33.9  23.6   1.4   0.1   9.1  13.6   0.2   0.0   6.6   3.5   0.0
Apr-18    NA   9.3  11.4   6.2  17.3  16.6   8.3    NA    NA  20.9   0.5  11.8   8.2   5.2    NA    NA  11.8   5.5   4.5  12.5  10.1  16.1   1.8  19.7  17.2   0.2   0.2   0.0   6.6   7.2  18.6   6.3   7.8   0.4   2.8   7.1   6.9    NA   1.1    NA   7.1  34.2  22.6   1.5   0.0   9.2  12.8   0.2   0.0   6.6   3.1   0.0
Apr-19    NA  11.0  11.2   5.4  17.0  13.3   8.0    NA    NA  19.6   0.5  10.7   7.8   4.2    NA    NA  11.0   5.1   3.5  12.3   9.3  14.7   1.4  19.2  17.0   0.1   0.1   0.0   5.8   5.8  17.3   5.2   6.4   0.3   2.4   6.8   6.8    NA   1.1    NA   6.6  32.0  21.2   1.4   0.0   9.1  13.2   1.9   0.0   6.4   0.8   0.0
Apr-20    NA  10.7  11.0   4.4  16.4  12.3   7.8    NA    NA  17.8   0.4   9.5   7.1   4.9    NA    NA  10.9   4.6   2.7  11.8   8.4  13.4   0.9  19.1  16.6   0.1   0.0   0.0   4.7   4.4  16.0   4.8   5.0   0.1   2.1   6.4   6.8    NA   0.8    NA   6.8  30.6  21.1   1.4   0.0   8.2  14.7   0.1   0.0   5.7   0.6   0.0
Apr-21    NA   9.9  10.8    NA  15.3  11.4   7.5    NA    NA  17.2   0.3   8.3   6.1   3.5    NA    NA  10.6   4.3   1.4  10.9   7.4  12.4   0.6  18.8  15.7   0.0   0.0   0.0   3.6   2.9  14.3   4.3   3.4   0.1   1.9   6.0   5.1    NA   0.7    NA   5.2  33.3  18.9   1.4   0.0   8.3  14.5   0.1   0.0   4.9   0.4   0.0
Apr-22    NA   9.2  10.6    NA  14.0  10.6   7.2    NA    NA  16.7   0.3   7.1   5.2   1.7    NA    NA  10.4   3.9   1.4  10.0   6.8  11.3   0.3  18.3  14.8   0.0   0.0   0.0   2.4   1.2  14.0   3.8   2.6   0.1   1.6   4.7   3.4    NA   0.7    NA   5.2  30.2  13.2   1.4   0.0   8.2  13.1   0.0   0.0   4.6   0.4   0.0
Apr-23    NA   8.4  10.5    NA  12.7   9.7   6.8    NA    NA  16.1   0.2   5.9   4.2   0.0    NA    NA  10.1   2.2   1.1   9.4   6.2   9.9   0.2  16.8  13.5   0.0   0.0   0.0   0.9   1.0  13.4   2.9   1.9   0.0   1.3   3.6   1.6    NA   0.7    NA   4.8  25.1   9.8   1.0   0.0   7.9  11.6   0.0   0.0   4.0   0.2   0.0
Apr-24    NA   8.2  10.2    NA  11.5   8.8   5.9    NA    NA  15.5   0.2   4.7   3.3    NA    NA    NA   9.4   1.9   0.8   8.7   5.5   8.5   0.1  14.9  13.2   0.0   0.0   0.0   0.7   0.7  12.9   2.1   1.1   0.0   0.9   2.2   1.1    NA   0.3    NA   4.9  25.4   9.6   0.5   0.0   8.1   9.2   0.0   0.0   3.0   0.2   0.0
Apr-25    NA   7.3    NA    NA  10.2   7.9   5.0    NA    NA  15.0   0.1   3.5   2.3    NA    NA    NA   8.6   1.5   0.5   7.9   4.8   6.9   0.0  13.6  12.9    NA   0.0   0.0   0.4   0.4  11.6   1.2   0.1   0.0   0.6   1.8   0.9    NA   0.1    NA   4.9  27.1   9.0   0.5   0.0   8.1   7.9   0.0   0.0   1.7   0.2   0.0
Apr-26    NA   8.2    NA    NA   8.9   6.7   4.1    NA    NA  14.3   0.0   1.7   1.4    NA    NA    NA   7.6   0.8   0.3   7.1   4.1   6.4   0.0  12.1  12.5    NA   0.0   0.0   0.1   0.3  10.5   0.0   0.0   0.0   0.1   1.4   0.5    NA   0.1    NA   4.0  29.1   9.4   0.3   0.0   7.7   6.2   0.0   0.0   1.7   0.1    NA
Apr-27    NA   7.5    NA    NA   7.1   6.1   3.1    NA    NA  13.6   0.0   5.4   0.0    NA    NA    NA   6.8   0.0   0.2   6.3   3.5   5.9   0.0  11.1  11.9    NA   0.0   0.0   0.1   0.2   9.2   0.0   0.0   0.0   0.1   0.9   0.2    NA   0.1    NA   3.7  26.7   8.3   0.0    NA   7.3   6.5   0.0   0.0   0.8   0.0    NA
Apr-28    NA   6.4    NA    NA   6.4   5.6   2.2    NA    NA  12.9   0.0   5.2    NA    NA    NA    NA   5.9    NA   0.0   5.7   2.6   5.2   0.0  10.0  11.5    NA   0.0   0.0   0.1   0.2   7.1   0.0   0.0   0.0   0.1   0.4   0.1    NA   0.0    NA   3.6  22.9   8.6   0.0    NA   7.2   2.7   0.0   0.0   0.5   0.0    NA
Apr-29    NA   5.3    NA    NA   5.7   5.0   1.3    NA    NA  12.2   0.0   3.9    NA    NA    NA    NA   4.6    NA   0.0   5.1   2.1   4.6   0.0   8.8  11.0    NA   0.0    NA   0.0   0.0   6.0   0.0   0.0   0.0   0.1   0.4   0.1    NA   0.4    NA   3.0  25.3   7.9   0.0    NA   7.1   1.3   0.0   0.0   0.2   0.0    NA
Apr-30    NA   4.2    NA    NA   5.0   4.5   0.0    NA    NA  11.5   0.0   2.7    NA    NA    NA    NA   3.1    NA   0.0   4.6   1.6   3.2   0.0   8.1  10.5    NA   0.0    NA   0.0   0.0   4.7   0.0   0.0   0.0   0.1   0.3   0.0    NA   0.0    NA   2.3  25.2   5.5   0.0    NA   7.1   0.8   0.0    NA   0.1   0.0    NA
May-01    NA   3.5    NA    NA   4.2   3.9   0.0    NA    NA  10.9   0.0   1.5    NA    NA    NA    NA   1.3    NA   0.0   4.0   1.3   1.8   0.0   7.4  10.6    NA   0.0    NA   0.0   0.0   3.4   0.0   0.0   0.0   0.0   0.2   0.0    NA   0.0    NA   1.0  18.0   5.6   0.0    NA   6.7   0.7   0.0    NA   0.1   0.0    NA
May-02    NA   2.2    NA    NA   3.5   3.4   0.0    NA    NA  10.2   0.0   1.2    NA    NA    NA    NA   1.0    NA    NA   3.2   0.8   0.1   0.0   6.1  10.5    NA   0.0    NA   0.0   0.0   2.6   0.0   0.0   0.0   0.0   0.0   0.0    NA   0.0    NA   0.6  16.5   5.4   0.0    NA   6.7   0.6   0.0    NA   0.0   0.0    NA
May-03    NA    NA    NA    NA   2.8   2.6   0.0    NA    NA   9.5   0.0   0.0    NA    NA    NA    NA   0.7    NA    NA   2.2   0.5   0.1   0.0   4.8  10.4    NA   0.0    NA   0.0   0.0   1.9   0.0   0.0   0.0   0.0   0.0   0.0    NA   0.0    NA   0.6  16.8   3.7   0.0    NA   6.7   0.2   0.0    NA   0.0   0.0    NA
May-04    NA    NA    NA    NA   1.5    NA   0.0    NA    NA   8.8    NA    NA    NA    NA    NA    NA   0.5    NA    NA   2.7   0.3   0.0   0.0   4.5  10.3    NA   0.0    NA    NA   0.0   1.1   0.0   0.0   0.0   0.0   0.0   0.0    NA   0.0    NA   0.8  16.8   2.9   0.0    NA   6.1   0.1   0.0    NA   0.0   0.0    NA
May-05    NA    NA    NA    NA    NA    NA   0.0    NA    NA   7.8    NA    NA    NA    NA    NA    NA   0.3    NA    NA   2.1   0.0   0.0   0.0   4.2   7.9    NA    NA    NA    NA   0.0   0.0   0.0   0.0    NA   0.0   0.0   0.0    NA   0.0    NA   0.0  11.0   1.1   0.0    NA   5.8   0.0   0.0    NA   0.0   0.0    NA
May-06    NA    NA    NA    NA    NA    NA   0.0    NA    NA   6.9    NA    NA    NA    NA    NA    NA   0.2    NA    NA   1.2    NA   0.0   0.0   3.8   5.5    NA    NA    NA    NA   0.0   0.0   0.0   0.0    NA   0.0   0.0   0.0    NA   0.0    NA   0.0  11.7   1.0    NA    NA   5.9   0.0   0.0    NA   0.0   0.0    NA
May-07    NA    NA    NA    NA    NA    NA   0.0    NA    NA   6.0    NA    NA    NA    NA    NA    NA   0.1    NA    NA   0.9    NA   0.0   0.0   3.2   2.6    NA    NA    NA    NA   0.0   0.0    NA   0.0    NA   0.0   0.0   0.0    NA   0.0    NA   0.0  10.0   1.1    NA    NA   5.8   0.0   0.0    NA   0.0   0.0    NA
May-08    NA    NA    NA    NA    NA    NA   0.0    NA    NA   5.2    NA    NA    NA    NA    NA    NA   0.0    NA    NA   0.6    NA   0.0   0.0   2.4   2.1    NA    NA    NA    NA   0.0   0.0    NA   0.0    NA    NA   0.0    NA    NA   0.0    NA   0.0   8.2   0.6    NA    NA   4.7   0.0   0.0    NA   0.0   0.0    NA
May-09    NA    NA    NA    NA    NA    NA   0.0    NA    NA   4.3    NA    NA    NA    NA    NA    NA    NA    NA    NA   0.5    NA   0.0   0.0   1.9   1.6    NA    NA    NA    NA   0.0   0.0    NA   0.0    NA    NA   0.0    NA    NA   0.0    NA   0.0   6.3   0.4    NA    NA   4.5   0.0   0.0    NA   0.0   0.0    NA
May-10    NA    NA    NA    NA    NA    NA   0.0    NA    NA   3.5    NA    NA    NA    NA    NA    NA    NA    NA    NA   0.0    NA   2.0   0.0   1.3   1.1    NA    NA    NA    NA    NA   0.0    NA    NA    NA    NA   0.0    NA    NA   0.0    NA   0.0   5.0   0.4    NA    NA   3.3   0.0   0.0    NA   0.0   0.0    NA
May-11    NA    NA    NA    NA    NA    NA   0.0    NA    NA   2.6    NA    NA    NA    NA    NA    NA    NA    NA    NA   0.0    NA   1.5    NA   0.9   0.3    NA    NA    NA    NA    NA   0.0    NA    NA    NA    NA   0.0    NA    NA   0.0    NA   0.0   3.3   0.3    NA    NA   0.7   0.0   0.0    NA   0.0   0.0    NA
May-12    NA    NA    NA    NA    NA    NA   0.0    NA    NA   1.4    NA    NA    NA    NA    NA    NA    NA    NA    NA    NA    NA   0.5    NA   0.5   0.2    NA    NA    NA    NA    NA   0.0    NA    NA    NA    NA   0.0    NA    NA   0.0    NA   0.0   0.1   0.3    NA    NA   0.1   0.0   0.0    NA   0.0   0.0    NA
May-13    NA    NA    NA    NA    NA    NA   0.0    NA    NA   1.1    NA    NA    NA    NA    NA    NA    NA    NA    NA    NA    NA   0.0    NA   0.0   0.1    NA    NA    NA    NA    NA   0.0    NA    NA    NA    NA   0.0    NA    NA   0.0    NA   0.0   0.1   0.0    NA    NA   0.1   0.0   0.0    NA   0.0   0.0    NA
May-14    NA    NA    NA    NA    NA    NA   0.0    NA    NA   0.9    NA    NA    NA    NA    NA    NA    NA    NA    NA    NA    NA    NA    NA   0.0    NA    NA    NA    NA    NA    NA   0.0    NA    NA    NA    NA   0.0    NA    NA    NA    NA   0.0   0.0   0.1    NA    NA   0.0   0.0   0.0    NA   0.0   0.0    NA
May-15    NA    NA    NA    NA    NA    NA    NA    NA    NA   0.6    NA    NA    NA    NA    NA    NA    NA    NA    NA    NA    NA    NA    NA   0.0    NA    NA    NA    NA    NA    NA   0.0    NA    NA    NA    NA   0.0    NA    NA    NA    NA   0.0   0.0   0.0    NA    NA   0.0   0.0   0.0    NA   0.0   0.0    NA
May-16    NA    NA    NA    NA    NA    NA    NA    NA    NA   0.3    NA    NA    NA    NA    NA    NA    NA    NA    NA    NA    NA    NA    NA   0.0    NA    NA    NA    NA    NA    NA   0.0    NA    NA    NA    NA    NA    NA    NA    NA    NA   0.0   0.0   0.0    NA    NA   0.0   0.0    NA    NA   0.0   0.0    NA
May-17    NA    NA    NA    NA    NA    NA    NA    NA    NA   0.0    NA    NA    NA    NA    NA    NA    NA    NA    NA    NA    NA    NA    NA   0.0    NA    NA    NA    NA    NA    NA   0.0    NA    NA    NA    NA    NA    NA    NA    NA    NA   0.0   0.0   0.0    NA    NA   0.0    NA    NA    NA   0.0   0.0    NA
May-18    NA    NA    NA    NA    NA    NA    NA    NA    NA    NA    NA    NA    NA    NA    NA    NA    NA    NA    NA    NA    NA    NA    NA   0.0    NA    NA    NA    NA    NA    NA   0.0    NA    NA    NA    NA    NA    NA    NA    NA    NA   0.0   0.0   0.0    NA    NA   0.0    NA    NA    NA   0.0   0.0    NA
May-19    NA    NA    NA    NA    NA    NA    NA    NA    NA    NA    NA    NA    NA    NA    NA    NA    NA    NA    NA    NA    NA    NA    NA   0.0    NA    NA    NA    NA    NA    NA   0.0    NA    NA    NA    NA    NA    NA    NA    NA    NA   0.0   0.0   0.0    NA    NA   0.0    NA    NA    NA   0.0    NA    NA
May-20    NA    NA    NA    NA    NA    NA    NA    NA    NA    NA    NA    NA    NA    NA    NA    NA    NA    NA    NA    NA    NA    NA    NA   0.0    NA    NA    NA    NA    NA    NA   0.0    NA    NA    NA    NA    NA    NA    NA    NA    NA   0.0   0.0   0.0    NA    NA   0.0    NA    NA    NA    NA    NA    NA
May-21    NA    NA    NA    NA    NA    NA    NA    NA    NA    NA    NA    NA    NA    NA    NA    NA    NA    NA    NA    NA    NA    NA    NA   0.0    NA    NA    NA    NA    NA    NA   0.0    NA    NA    NA    NA    NA    NA    NA    NA    NA   0.0   0.0   0.0    NA    NA   0.0    NA    NA    NA    NA    NA    NA
May-22    NA    NA    NA    NA    NA    NA    NA    NA    NA    NA    NA    NA    NA    NA    NA    NA    NA    NA    NA    NA    NA    NA    NA   0.0    NA    NA    NA    NA    NA    NA   0.0    NA    NA    NA    NA    NA    NA    NA    NA    NA   0.0   0.0   0.0    NA    NA    NA    NA    NA    NA    NA    NA    NA
May-23    NA    NA    NA    NA    NA    NA    NA    NA    NA    NA    NA    NA    NA    NA    NA    NA    NA    NA    NA    NA    NA    NA    NA   0.0    NA    NA    NA    NA    NA    NA   0.0    NA    NA    NA    NA    NA    NA    NA    NA    NA   0.0   0.0   0.0    NA    NA    NA    NA    NA    NA    NA    NA    NA
May-24    NA    NA    NA    NA    NA    NA    NA    NA    NA    NA    NA    NA    NA    NA    NA    NA    NA    NA    NA    NA    NA    NA    NA   0.0    NA    NA    NA    NA    NA    NA   0.0    NA    NA    NA    NA    NA    NA    NA    NA    NA   0.0   0.0   0.0    NA    NA    NA    NA    NA    NA    NA    NA    NA
May-25    NA    NA    NA    NA    NA    NA    NA    NA    NA    NA    NA    NA    NA    NA    NA    NA    NA    NA    NA    NA    NA    NA    NA   0.0    NA    NA    NA    NA    NA    NA   0.0    NA    NA    NA    NA    NA    NA    NA    NA    NA   0.0   0.0   0.0    NA    NA    NA    NA    NA    NA    NA    NA    NA
May-26    NA    NA    NA    NA    NA    NA    NA    NA    NA    NA    NA    NA    NA    NA    NA    NA    NA    NA    NA    NA    NA    NA    NA   0.0    NA    NA    NA    NA    NA    NA   0.0    NA    NA    NA    NA    NA    NA    NA    NA    NA   0.0   0.0   0.0    NA    NA    NA    NA    NA    NA    NA    NA    NA
May-27    NA    NA    NA    NA    NA    NA    NA    NA    NA    NA    NA    NA    NA    NA    NA    NA    NA    NA    NA    NA    NA    NA    NA   0.0    NA    NA    NA    NA    NA    NA   0.0    NA    NA    NA    NA    NA    NA    NA    NA    NA   0.0   0.0   0.0    NA    NA    NA    NA    NA    NA    NA    NA    NA
May-28    NA    NA    NA    NA    NA    NA    NA    NA    NA    NA    NA    NA    NA    NA    NA    NA    NA    NA    NA    NA    NA    NA    NA   0.0    NA    NA    NA    NA    NA    NA   0.0    NA    NA    NA    NA    NA    NA    NA    NA    NA   0.0   0.0   0.0    NA    NA    NA    NA    NA    NA    NA    NA    NA
May-29    NA    NA    NA    NA    NA    NA    NA    NA    NA    NA    NA    NA    NA    NA    NA    NA    NA    NA    NA    NA    NA    NA    NA   0.0    NA    NA    NA    NA    NA    NA   0.0    NA    NA    NA    NA    NA    NA    NA    NA    NA    NA   0.0   0.0    NA    NA    NA    NA    NA    NA    NA    NA    NA
May-30    NA    NA    NA    NA    NA    NA    NA    NA    NA    NA    NA    NA    NA    NA    NA    NA    NA    NA    NA    NA    NA    NA    NA   0.0    NA    NA    NA    NA    NA    NA    NA    NA    NA    NA    NA    NA    NA    NA    NA    NA    NA   0.0    NA    NA    NA    NA    NA    NA    NA    NA    NA    NA
May-31    NA    NA    NA    NA    NA    NA    NA    NA    NA    NA    NA    NA    NA    NA    NA    NA    NA    NA    NA    NA    NA    NA    NA   0.0    NA    NA    NA    NA    NA    NA    NA    NA    NA    NA    NA    NA    NA    NA    NA    NA    NA   0.0    NA    NA    NA    NA    NA    NA    NA    NA    NA    NA
Jun-01    NA    NA    NA    NA    NA    NA    NA    NA    NA    NA    NA    NA    NA    NA    NA    NA    NA    NA    NA    NA    NA    NA    NA    NA    NA    NA    NA    NA    NA    NA    NA    NA    NA    NA    NA    NA    NA    NA    NA    NA    NA    NA    NA    NA    NA    NA    NA    NA    NA    NA    NA    NA
Jun-02    NA    NA    NA    NA    NA    NA    NA    NA    NA    NA    NA    NA    NA    NA    NA    NA    NA    NA    NA    NA    NA    NA    NA    NA    NA    NA    NA    NA    NA    NA    NA    NA    NA    NA    NA    NA    NA    NA    NA    NA    NA    NA    NA    NA    NA    NA    NA    NA    NA    NA    NA    NA
Jun-03    NA    NA    NA    NA    NA    NA    NA    NA    NA    NA    NA    NA    NA    NA    NA    NA    NA    NA    NA    NA    NA    NA    NA    NA    NA    NA    NA    NA    NA    NA    NA    NA    NA    NA    NA    NA    NA    NA    NA    NA    NA    NA    NA    NA    NA    NA    NA    NA    NA    NA    NA    NA
Jun-04    NA    NA    NA    NA    NA    NA    NA    NA    NA    NA    NA    NA    NA    NA    NA    NA    NA    NA    NA    NA    NA    NA    NA    NA    NA    NA    NA    NA    NA    NA    NA    NA    NA    NA    NA    NA    NA    NA    NA    NA    NA    NA    NA    NA    NA    NA    NA    NA    NA    NA    NA    NA
Jun-05    NA    NA    NA    NA    NA    NA    NA    NA    NA    NA    NA    NA    NA    NA    NA    NA    NA    NA    NA    NA    NA    NA    NA    NA    NA    NA    NA    NA    NA    NA    NA    NA    NA    NA    NA    NA    NA    NA    NA    NA    NA    NA    NA    NA    NA    NA    NA    NA    NA    NA    NA    NA
