1973 1974 1975 1976 1977 1978 1979 1980 1981 1982 1983 1984 1985 1986 1987 1988 1989 1990 1991 1992 1993 1994 1995 1996 1997 1998 1999 2000 2001 2002 2003 2004 2005 2006 2007 2008 2009 2010 2011 2012 2013 2014 2015 2016 2017 2018 2019 2020 2021 2022 2023 2024
Nov-10    NA    NA    NA    NA    NA    NA    NA    NA    NA    NA    NA    NA    NA    NA    NA    NA    NA    NA    NA    NA    NA    NA    NA    NA    NA    NA    NA    NA    NA    NA    NA    NA    NA    NA    NA    NA    NA    NA    NA    NA    NA    NA    NA    NA    NA    NA    NA   0.0    NA    NA    NA    NA
Nov-11    NA    NA    NA    NA    NA    NA    NA    NA    NA    NA    NA    NA    NA    NA    NA    NA    NA    NA    NA    NA    NA    NA    NA    NA    NA    NA    NA    NA    NA    NA    NA    NA    NA    NA    NA    NA    NA    NA    NA    NA    NA    NA    NA    NA    NA    NA    NA   0.0    NA    NA    NA    NA
Nov-12    NA    NA    NA    NA    NA    NA    NA    NA    NA    NA    NA    NA    NA    NA    NA    NA    NA    NA    NA    NA    NA    NA    NA    NA    NA    NA    NA    NA    NA    NA    NA    NA    NA    NA    NA    NA    NA    NA    NA    NA    NA    NA    NA    NA    NA    NA    NA   0.0    NA    NA    NA    NA
Nov-13    NA    NA    NA    NA    NA    NA    NA    NA    NA    NA    NA    NA    NA    NA    NA    NA    NA    NA    NA    NA    NA    NA    NA    NA    NA    NA    NA    NA    NA    NA    NA    NA    NA    NA    NA    NA    NA    NA    NA    NA    NA    NA    NA    NA    NA    NA    NA   0.0    NA    NA    NA    NA
Nov-14    NA    NA    NA    NA    NA    NA    NA    NA    NA    NA    NA    NA    NA    NA    NA    NA    NA    NA    NA    NA    NA    NA    NA    NA    NA    NA    NA    NA    NA    NA    NA    NA    NA    NA    NA    NA    NA    NA    NA    NA    NA    NA   0.0    NA    NA    NA    NA   0.2    NA    NA    NA    NA
Nov-15    NA    NA    NA    NA    NA    NA    NA    NA    NA    NA    NA    NA    NA    NA    NA    NA    NA    NA    NA    NA    NA    NA    NA    NA    NA    NA    NA    NA    NA    NA    NA    NA    NA    NA    NA    NA    NA    NA    NA    NA    NA    NA   0.0    NA    NA    NA   0.0   0.1    NA    NA    NA    NA
Nov-16    NA    NA    NA    NA    NA    NA    NA    NA    NA    NA    NA    NA    NA    NA    NA    NA    NA    NA    NA    NA    NA    NA    NA    NA    NA    NA    NA    NA    NA    NA    NA    NA    NA    NA    NA    NA    NA    NA    NA    NA    NA    NA   0.0    NA    NA    NA   0.0   0.2    NA    NA    NA    NA
Nov-17    NA    NA    NA    NA    NA    NA    NA    NA    NA    NA    NA    NA    NA    NA    NA    NA    NA    NA    NA    NA    NA    NA    NA   0.0    NA    NA    NA    NA    NA    NA    NA    NA    NA    NA    NA    NA    NA    NA    NA    NA    NA    NA   0.0    NA    NA    NA   0.0   0.4    NA    NA    NA    NA
Nov-18    NA    NA    NA    NA    NA    NA    NA    NA    NA    NA    NA    NA    NA    NA    NA    NA    NA    NA    NA    NA    NA    NA    NA   0.0    NA    NA    NA    NA    NA    NA    NA    NA    NA    NA    NA    NA    NA    NA    NA    NA    NA    NA   0.4    NA    NA    NA   0.0   0.1    NA    NA    NA    NA
Nov-19    NA    NA    NA    NA    NA    NA    NA    NA    NA    NA    NA    NA    NA    NA    NA    NA    NA    NA    NA    NA    NA    NA    NA   0.0    NA    NA    NA    NA    NA    NA    NA    NA    NA    NA    NA    NA    NA    NA    NA    NA    NA    NA   0.6    NA    NA    NA   0.0   0.1    NA    NA   0.0    NA
Nov-20    NA    NA    NA    NA    NA    NA    NA    NA    NA    NA    NA    NA    NA    NA    NA    NA    NA    NA    NA    NA    NA    NA    NA   0.0    NA    NA    NA    NA    NA    NA    NA    NA    NA    NA    NA    NA    NA    NA    NA    NA    NA    NA   0.9    NA    NA    NA   0.0   0.1    NA    NA   0.0    NA
Nov-21    NA    NA    NA    NA    NA    NA    NA    NA    NA    NA    NA    NA    NA    NA    NA    NA    NA    NA    NA    NA    NA    NA    NA   0.0    NA    NA    NA    NA    NA    NA    NA    NA    NA    NA    NA    NA    NA    NA    NA    NA    NA    NA   1.0    NA    NA    NA   0.0   0.1    NA    NA   0.0    NA
Nov-22    NA    NA    NA    NA    NA    NA    NA    NA    NA    NA    NA    NA    NA    NA    NA    NA    NA    NA    NA    NA    NA    NA    NA   0.0    NA    NA    NA    NA    NA    NA    NA    NA    NA    NA    NA    NA    NA    NA    NA    NA    NA    NA   0.5    NA    NA    NA   0.1   0.1   0.0    NA   0.0    NA
Nov-23    NA    NA    NA    NA    NA    NA    NA    NA    NA    NA    NA    NA    NA    NA    NA    NA    NA    NA    NA    NA    NA    NA    NA   0.0    NA    NA    NA    NA    NA    NA    NA    NA    NA    NA    NA    NA    NA    NA    NA    NA    NA    NA   0.7    NA    NA    NA   0.2   0.0   0.0    NA   0.1    NA
Nov-24    NA    NA    NA    NA    NA    NA    NA    NA    NA    NA    NA    NA    NA    NA    NA    NA    NA    NA    NA    NA    NA    NA    NA   0.0    NA    NA    NA    NA    NA    NA    NA    NA    NA    NA    NA    NA    NA    NA    NA    NA    NA   0.0   0.5    NA    NA    NA   0.1   0.0   0.0    NA   0.0    NA
Nov-25    NA    NA    NA    NA    NA    NA    NA    NA    NA    NA    NA    NA    NA    NA    NA    NA    NA    NA    NA    NA    NA    NA    NA   0.0    NA    NA    NA    NA    NA    NA    NA    NA    NA    NA    NA    NA    NA    NA    NA    NA    NA   0.0   0.5    NA    NA    NA   0.0   0.0   0.0    NA   0.0   0.0
Nov-26    NA    NA    NA    NA    NA    NA    NA    NA    NA    NA    NA    NA    NA    NA    NA    NA    NA    NA    NA    NA    NA    NA    NA   0.0   0.0    NA    NA    NA    NA    NA    NA    NA    NA    NA    NA   0.0    NA    NA    NA    NA    NA   0.0   0.2    NA    NA    NA   0.0   0.0   0.0    NA   0.0   0.0
Nov-27    NA    NA    NA    NA    NA    NA    NA    NA    NA    NA    NA    NA    NA    NA    NA    NA    NA    NA    NA    NA    NA    NA    NA   0.0   0.0    NA    NA    NA    NA    NA    NA    NA    NA    NA    NA   0.0    NA    NA    NA    NA    NA   0.0   0.5   0.0    NA    NA   0.0   0.0   0.0   0.0   0.0   0.0
Nov-28    NA    NA    NA    NA    NA    NA    NA    NA    NA    NA    NA    NA    NA    NA    NA    NA    NA    NA    NA    NA    NA    NA    NA   0.0   0.0    NA    NA    NA    NA    NA    NA    NA    NA   0.0    NA   0.0    NA    NA    NA    NA    NA   0.1   0.6   0.0    NA    NA   0.0   0.0   0.0   0.0   0.0   0.0
Nov-29    NA    NA    NA    NA    NA    NA    NA    NA    NA    NA    NA    NA    NA    NA    NA    NA    NA    NA    NA    NA    NA    NA    NA   0.0   0.0    NA    NA    NA    NA    NA    NA    NA    NA   0.0    NA   0.0    NA    NA    NA   0.0   0.0   0.6   0.9   0.0    NA   0.0   0.3   0.0   0.0   0.0   0.0   0.2
Nov-30    NA    NA    NA    NA    NA    NA    NA    NA    NA    NA    NA    NA    NA    NA    NA    NA    NA    NA    NA    NA    NA    NA    NA   0.0   0.0    NA    NA    NA    NA    NA    NA    NA    NA   0.0    NA   0.0    NA    NA    NA   0.0   0.0   0.8   0.9   0.0    NA   0.0   0.4   0.0   0.0   0.0   0.0   0.2
Dec-01    NA    NA    NA    NA    NA    NA    NA    NA    NA    NA    NA    NA    NA    NA    NA    NA    NA    NA    NA    NA    NA    NA    NA   0.0   0.0    NA    NA    NA   0.0    NA    NA   0.0    NA   0.0    NA   0.0    NA    NA    NA   0.0   0.0   0.6   2.2   0.0    NA   0.0   0.2   0.0   0.0   0.0   0.0   0.2
Dec-02    NA    NA    NA    NA    NA    NA    NA    NA    NA    NA    NA    NA    NA    NA    NA    NA    NA    NA    NA    NA    NA    NA    NA   0.0   0.1   0.0    NA    NA   0.0    NA   0.4   0.0   0.0   0.1    NA   0.0    NA    NA   0.0   0.0   0.0   0.6   1.8   0.0    NA   0.0   0.1   0.0   0.0   0.0   0.0   0.1
Dec-03    NA    NA    NA    NA    NA    NA    NA    NA    NA    NA    NA    NA    NA    NA    NA    NA    NA    NA    NA    NA    NA   0.0    NA   0.0   0.1   0.0    NA   0.0   0.0   0.0   0.8   0.1   0.0   0.2    NA   0.8    NA    NA   0.0   0.0   0.0   0.3   1.3   0.0    NA   0.0   0.1   0.0   0.0   0.0   0.0   0.2
Dec-04    NA    NA    NA    NA    NA    NA    NA    NA    NA    NA    NA    NA    NA    NA    NA    NA    NA    NA    NA    NA    NA   0.0    NA   0.4   0.1   0.0    NA   0.0   0.0   0.0   1.1   0.1   0.0   0.3   0.0   0.8    NA    NA   0.1   0.0   0.0   0.2   1.4   0.0    NA   0.0   0.1   0.0   0.0   0.0   0.0   0.2
Dec-05    NA    NA    NA    NA    NA    NA    NA    NA    NA    NA    NA    NA    NA    NA    NA    NA    NA    NA    NA    NA    NA   0.0    NA   0.3   0.2   0.0    NA   0.0   0.0   0.0   1.5   0.1   0.0   0.4   0.1   0.8    NA    NA   0.1   0.0   0.0   0.4   3.2   0.0    NA   0.0   0.1   0.0   0.0   0.2   0.3   0.1
Dec-06    NA    NA    NA    NA    NA    NA    NA    NA    NA    NA    NA    NA    NA    NA    NA    NA    NA    NA    NA   2.1    NA   0.0    NA   0.3   0.3   0.0    NA   0.0   0.8   0.0   1.5   0.1   0.0   1.2   0.2   0.8    NA    NA   0.1   0.0   0.0   1.1   2.2   0.0    NA   0.0   0.1   0.0   0.0   0.4   0.2   0.1
Dec-07    NA    NA    NA    NA    NA    NA    NA    NA    NA    NA    NA    NA    NA    NA    NA    NA    NA    NA    NA   1.9    NA   0.0    NA   1.3   0.4   0.0    NA   0.0   1.4   0.0   1.5   0.1   0.0   1.9   0.3   0.9    NA   0.0   0.2   0.0   0.0   1.4   2.1   0.0    NA   0.0   0.6   0.0   0.0   0.0   0.2   0.0
Dec-08    NA    NA    NA    NA    NA    NA    NA    NA    NA    NA    NA    NA    NA    NA    NA    NA    NA    NA    NA   2.7    NA   0.0    NA   2.3   0.4   0.0    NA   0.0   1.6   0.0   1.5   0.1   0.0   2.6   0.4   1.0   1.5   0.0   0.5   0.2   0.0   1.8   2.3   0.0    NA   0.0   1.4   0.0   0.0   0.6   0.2   0.0
Dec-09    NA    NA    NA    NA    NA    NA    NA    NA    NA    NA    NA    NA    NA    NA    NA    NA    NA    NA    NA   2.4    NA   0.0   0.0   2.5   0.4   0.0    NA   0.0   1.7   0.0   1.5   0.2   0.0   2.5   0.5   1.1   1.5   0.0   0.8   0.2   0.0   3.1   2.7   0.0    NA   0.0   1.6   0.0   0.0   0.4   0.2   0.0
Dec-10    NA    NA    NA    NA    NA    NA    NA    NA    NA    NA    NA    NA    NA    NA    NA    NA    NA    NA    NA   1.9    NA   0.1   0.0   2.7   0.4   0.0    NA   0.0   1.9   0.0   1.5   0.4   0.0   2.4   0.6   1.1   1.4   0.2   1.1   0.3   0.0   4.2   1.9   0.0    NA   0.0   1.3   0.0   0.0   0.4   0.2   0.0
Dec-11    NA    NA    NA    NA    NA    NA    NA    NA    NA    NA    NA    NA    NA    NA    NA    NA    NA    NA    NA   1.3    NA   0.1   0.0   2.9   0.4   0.0    NA   0.0   2.0   0.0   1.4   0.5   0.0   2.2   0.7   1.4   1.4   0.4   1.4   0.7   0.0   6.9   1.9   0.0   0.0   0.4   1.5   1.4   0.0   0.4   0.2   0.0
Dec-12    NA    NA    NA    NA    NA    NA    NA    NA    NA    NA    NA    NA    NA    NA    NA    NA    NA    NA    NA   1.2    NA   0.1   0.0   3.1   0.5   0.0    NA   0.0   2.2   0.0   1.4   0.7   0.0   2.1   0.7   1.6   1.7   0.6   1.7   0.4   0.0   7.1   1.3   0.0   0.3   0.5   1.5   1.4   0.0   0.4   0.2   0.0
Dec-13    NA    NA    NA    NA    NA    NA    NA    NA    NA    NA    NA    NA    NA    NA    NA    NA    NA   1.5    NA   1.1    NA   0.1   0.1   3.3   0.7   0.0    NA   0.0   2.4   0.0   1.2   0.8   0.0   2.2   0.7   1.9   2.0   0.7   1.9   0.4   0.0   9.9   1.2   0.0   0.5   0.7   1.4   1.5   0.0   0.4   0.1   0.0
Dec-14    NA    NA    NA    NA    NA    NA    NA    NA    NA    NA    NA    NA    NA   2.2    NA    NA   0.9   2.5    NA   1.1   0.0   0.1   0.1   3.5   0.8   0.0    NA   0.0   2.5   0.0   1.0   1.0   0.2   2.4   0.7   2.1   2.2   0.9   2.2   0.3   0.1  10.6   1.3   0.0   0.7   2.5   1.3   2.4   0.0   0.4   0.1   0.1
Dec-15    NA    NA    NA    NA    NA    NA    NA    NA    NA    NA    NA    NA    NA   4.6    NA    NA   0.9   3.5    NA   1.2   0.0   0.0   0.1   3.7   0.9   0.0   0.0   0.0   3.1   0.0   0.7   1.1   0.4   2.5   0.6   2.4   2.5   1.1   3.5   0.3   0.2   8.9   1.2   0.0   1.5   2.5   1.2   2.2   0.2   0.4   0.1   0.1
Dec-16    NA    NA    NA    NA  15.9    NA    NA    NA    NA    NA    NA    NA    NA   6.2    NA    NA   0.9   4.0    NA   1.3   0.0   0.0   0.1   3.9   0.9   0.0   0.0   0.0   3.8   0.0   0.6   1.2   0.6   2.5   0.5   2.5   3.7   1.3   4.6   0.3   0.0  13.5   1.4   0.0   3.7   2.6   1.3   2.2   0.3   0.1   0.1   0.1
Dec-17    NA    NA    NA    NA  16.5    NA    NA    NA    NA    NA    NA    NA    NA   8.0    NA    NA   1.0  13.1    NA   1.6   0.0   0.0   0.1   4.1   0.9   0.0   0.0   0.0   4.5   0.0   0.6   1.2   1.2   2.5   0.3   2.7   4.8   1.4   3.5   0.4   0.0  14.4   1.2   0.0   4.2   2.8   1.0   2.3   0.4   0.0   0.1   0.1
Dec-18    NA    NA    NA    NA  16.8    NA   2.5    NA    NA    NA    NA    NA    NA   9.7    NA    NA   1.1  14.9    NA   1.8   0.0   0.0   0.2   4.2   0.8   0.0   0.0   0.0   5.1   0.0   0.6   1.2   1.8   2.5   0.2   2.6   5.8   1.7  11.8   0.4   0.0  13.1   1.2   0.0   2.6   1.4   1.0   3.1   0.7   0.1   0.2   0.1
Dec-19    NA    NA    NA    NA  17.1    NA   2.2    NA    NA    NA    NA    NA    NA  11.5    NA    NA   1.3  16.0    NA   2.1   0.0   0.0   0.2   4.4   0.7   0.0   0.1   0.0   5.8   0.0   0.6   1.3   2.4   2.5   0.2   2.4   8.4   1.9   3.0   0.2   0.1  13.1   5.3   0.0   4.0   1.0   1.0   3.1   0.8   0.2   0.1   0.3
Dec-20   4.5    NA    NA    NA  17.4    NA   1.9    NA    NA    NA    NA   5.0    NA  13.2    NA    NA   1.3  17.1    NA   2.3   0.0   0.0   0.2   4.5   0.5   0.1   0.3   0.0   6.5   0.0   0.9   1.4   2.9   2.5   0.2   2.2  10.3   2.1   5.7   0.2   0.1  12.5   5.2   0.0   4.6   1.3   1.0   3.0   0.5   0.2   1.1   0.4
Dec-21   5.2    NA    NA    NA  17.7   2.6   1.5    NA    NA   1.1   0.0   5.6    NA  14.9    NA    NA   1.2  18.5    NA   2.3   0.0   0.0   0.2   4.7   0.3   0.2   0.4   0.0   7.1   0.0   1.1   1.4   3.1   4.4   0.3   2.5  12.2   2.3   8.6   0.2   0.2  12.3   3.2   0.0   5.0   2.3   1.0   2.6   0.3   0.9   1.2   0.4
Dec-22   5.5    NA    NA    NA  17.9   3.4   1.2    NA    NA   1.3   0.0   6.1   0.1  14.9    NA    NA   1.1  19.7    NA   2.2   0.0   0.0   0.2   4.9   0.1   0.2   0.5   0.8   8.6   0.0   1.3   1.5   3.2   6.2   0.3   2.8  14.1   2.2   6.1   0.2   0.2  12.3   1.2   0.0   3.4   2.4   0.3   2.3   0.3   0.9   2.3   1.1
Dec-23   5.8    NA    NA   5.5  17.9   3.9   0.8    NA    NA   1.5   0.0   6.6   1.1  14.5    NA    NA   0.9  21.5    NA   2.3   0.0   0.3   0.1   4.9   1.0   0.3   0.7   1.6  10.0   0.0   1.6   1.6   3.2   6.2   0.3   3.0  15.0   2.1   5.0   0.2   0.3  12.6   1.1   0.0   2.2   2.5   1.7   1.9   0.2   1.2   3.0   0.1
Dec-24   6.2    NA    NA   6.9  20.3   4.4   0.5    NA   9.5   1.7   0.0   7.1   2.0  14.2    NA    NA   1.1  23.1    NA   2.4   0.0   0.7   0.2   5.0   1.8   0.3   0.8   2.4  11.4   0.0   1.8   1.7   5.0   6.0   0.3   3.2  15.9   1.9   4.6   0.9   0.5  13.2   1.0   0.0   2.3   2.9   1.7   2.3   0.3   1.6   4.2   0.1
Dec-25   6.5    NA    NA   7.3  21.7   5.0   0.0    NA  12.8   1.8   0.0   7.6   2.9  13.8    NA    NA   1.2  24.9    NA   2.3   0.0   1.0   0.2   5.0   2.7   0.4   0.9   2.6  12.8   0.4   1.9   1.8   6.6   5.8   0.3   3.2  16.6   2.1   4.6   0.9   0.9  22.3   1.2   0.0   2.3   3.4   1.0   1.9   0.9   1.7   6.7   0.0
Dec-26   6.8    NA    NA   8.6  23.1   5.6   2.3    NA  14.7   2.0   0.0   8.1   3.1  13.5    NA    NA   2.2  26.6    NA   2.3   0.2   1.4   0.2   5.8   2.7   0.4   1.2   2.8  14.4   0.9   2.1   1.7   8.1   5.5   0.3   3.2  14.4   2.2   5.3   0.5   1.0  16.4   1.4   0.0   1.5   4.7   1.7   1.9   1.0   1.8   7.5   0.0
Dec-27   7.2    NA    NA   9.9  24.4   6.1   3.7    NA  16.6   2.1   0.0   8.6   4.0  13.1   2.7    NA   2.5  28.3    NA   2.2   0.3   3.0   0.2   6.5   2.8   0.5   1.4   3.0  15.6   1.3   2.1   1.6   9.6   4.9   0.2   3.1  12.3   2.3   4.2   0.2   1.0  16.9   1.3   0.0   2.2   7.8   2.5   1.9   1.6   1.7   6.6   0.0
Dec-28   7.4    NA    NA  11.2  25.9   6.6   5.1    NA  18.6   2.3   0.2   9.9   1.1  12.4   6.4    NA   2.8  29.4   0.6   2.0   0.6   4.6   0.1   8.0   2.9   0.5   1.7   3.2  16.9   1.5   2.1   1.5   8.4   4.3   0.1   3.9  10.1   2.4   8.1   0.3   1.2  11.0   2.5   0.0   2.1  10.5   1.6   1.7   1.2   1.5   5.5   0.0
Dec-29  10.7    NA    NA  11.6  27.3   7.3   6.3    NA  20.5   2.5   0.4  10.5   3.3  14.4   6.4    NA   3.7  30.6   0.7   1.9   0.6   6.1   0.1   9.6   3.0   0.6   1.9   3.5  19.8   1.6   2.1   1.3   7.1   3.6   0.2   4.5   7.4   2.9   8.6   1.4   2.4  11.0   4.7   0.0   2.2  14.7   2.1   2.1   1.6   1.5   3.5   0.0
Dec-30   9.6    NA    NA   8.5  28.7   7.7   7.7    NA  22.4   2.5   0.5  11.2   4.9  15.7   5.4    NA   4.6  31.0   0.9   1.7   0.7   7.4   0.1   9.5   5.2   0.7   2.6   3.9  22.8   1.8   2.1   1.4   5.6   3.7   0.2   5.1   9.0   3.3   7.2   1.5   2.0  11.6   8.0   0.1   2.1  12.4   2.7   1.4   1.6   2.5   2.7   0.0
Dec-31   8.5   1.1    NA   8.6  30.5   8.2   9.1    NA  24.5   2.5   0.7  11.8   6.4  17.0   4.5    NA   4.9  31.3   1.7   1.8   0.8   8.9   0.1   9.4   7.4   1.2   3.3   4.2  25.6   1.9   2.3   1.5   5.1   3.8   0.2   5.7  10.3   3.7   6.1   1.3   1.9  16.7   8.2   0.2   2.3  17.7   3.0   1.4   1.4   2.6   3.1   0.0
Jan-01   7.4   5.2    NA   8.7  31.8   8.7  10.5    NA  26.4   2.5   0.8  12.5   7.9  18.2   3.6    NA   5.2  31.2   2.5   1.6   0.8  10.2   0.1   9.4   9.6   1.7   4.0   4.4  28.3   2.6   2.6   1.5   4.6   3.8   0.2   5.4  11.6   5.6   3.5   1.3   1.4  18.6   9.3   0.4   2.3  19.2   3.3   1.4   1.8   3.2   3.0   0.0
Jan-02   6.3   7.4   1.6   8.7  33.1   9.2  15.6   3.5  28.3   2.5   0.9  13.1   9.4  19.6   3.6    NA   5.9  31.2   3.3   1.4   0.8  11.6   0.1  10.5   9.6   2.2   6.0   4.5  26.8   3.1   2.8   1.6   4.0   3.8   0.1   5.1  13.2   7.2   4.1   1.2   2.6  25.0   9.7   0.4   3.0  19.2   5.4   1.4   2.5   3.4   2.5   0.0
Jan-03   8.6   9.9   1.8   8.7  34.3   9.6  18.4   3.9  30.2   2.5   1.1  13.7  11.0  20.8   2.6   2.5   6.8  31.1   3.3   1.0   0.8  12.9   0.8  11.6   9.5   1.9   8.0   4.6  24.9   3.7   3.9   1.7   3.3   3.5   0.1   4.6  14.5   8.7   8.9   3.0   2.7  31.5  11.4   0.4   3.0  21.3   5.4   2.3   1.9   7.3   2.6   0.0
Jan-04  10.1  12.2   1.9   8.7  35.6  10.0  21.6   4.0  32.2   2.5   1.0  13.8  12.4  22.1   2.7   8.0   7.7  29.9   3.3   0.9   1.9  13.5   1.4  13.0   9.4   1.6   9.8   4.7  23.1   3.5   5.2   1.8   5.7   3.1   0.0   4.4  15.6  10.2  11.8   3.1   2.3  19.2  14.8   1.2   3.6  20.9   3.8   1.6   1.9   3.3   3.0   0.3
Jan-05  12.4  14.7   2.1   8.7  36.9  11.2  24.5   4.2  34.1   4.7   0.8  13.7  14.0  20.6   2.7  12.0   8.8  28.7   4.5   0.4   2.7  13.9   2.0  14.4   9.3   1.2  11.8   4.4  21.5   3.4   6.3   1.9   7.7   2.6   0.0   4.1  16.7  11.7   7.5   2.4   2.8  18.1  16.2   1.3   6.8  27.9   2.5   1.5   1.8   3.8   2.8   0.2
Jan-06  14.8  16.9   2.3   8.7  37.9  11.7  27.7   4.4  36.0   6.3   0.7  13.6  15.1  19.2   2.8  16.0   9.9  29.2  10.8   0.4   3.9  14.4   2.5  15.9   9.4   0.9  12.8   4.0  20.1   3.1   7.4   4.6   9.7   3.1   0.0   3.8  17.8  15.1  10.4   2.1   3.0  23.9  17.4   1.8  12.7  29.5   2.7   1.4   2.3   5.3   2.7   0.8
Jan-07  17.1  19.4   2.5  15.0  40.9  12.3  30.5   4.6  37.9   7.9   0.6  13.4  15.8  17.6   2.8  19.7  10.6  29.6  13.1   0.4   6.4  14.8   2.8  17.5   9.6   0.7  13.7   3.6  18.5   2.9   6.0   7.1  10.0   3.6   0.0   3.3  18.6  15.1   9.5   1.4   3.0  30.5  22.5   1.1  13.3  23.6   2.7   2.5   2.5   9.1   2.7   1.1
Jan-08  18.7  21.7   2.7  17.6  43.3  13.0  33.6   4.7  39.1   9.4   0.5  13.4  16.6  16.1   2.9  23.7  11.5  30.3  13.5   0.5   8.9  15.7   2.9  19.1   9.7   0.5  14.6   4.3  16.0   3.2   4.7   9.6  10.4   4.0   0.0   3.1  19.3  14.7  12.2   1.3   2.2  32.9  17.1   0.7  12.6  21.8   2.3   3.1   2.7  10.4   3.2   0.8
Jan-09  17.4  24.2   2.5  19.4  45.8  13.6  34.8   4.8  39.6  11.0   0.3  13.2  17.4  14.6   3.0  27.7  11.4  31.1  14.0   0.6  10.1  16.6   3.2  20.7   9.9   0.3  14.7   5.0  17.3   3.4   3.2   9.7  10.6   4.4   0.2   2.9  19.1  14.2  13.3   2.4   2.1  36.2  17.6   1.0  15.0  14.3   2.8   3.1   2.3   6.6   4.0   0.5
Jan-10  21.0  26.4   4.5  21.3  48.1  14.1  35.6   5.3  40.2  12.5   0.2  12.5  18.2  13.2   3.0  31.7  12.1  31.8  14.5   0.6   9.8  17.5   3.5  22.2  10.2   1.5  14.7   5.7  18.0   3.6   5.0   9.9  10.7   4.0   0.5   2.6  19.0  14.8  14.8   1.6   1.7  35.8  19.0   1.5  15.0  15.1   3.5   3.0   1.9   8.4   4.0   0.4
Jan-11  21.7  25.5   6.2  23.2  50.5  14.7  36.1   5.6  40.7  14.1   0.0  14.5  19.0  10.7   4.1  29.4  12.9  31.9  14.9   0.6  10.6  19.0   3.9  23.8  10.4   2.9  14.8   6.3  18.7   3.3   6.5   9.9  11.3   3.5   0.7   2.9  18.7  16.0  20.4   1.4   2.0  24.7  22.7   3.6  14.4  11.0   5.8   3.9   2.1  15.2   3.4   0.7
Jan-12  21.8  24.3   7.8  25.9  52.8  19.6  36.6   5.9  41.3  19.9   2.6  16.0  19.8  12.1   4.7  27.0  12.7  32.1  16.0   0.8  11.9  20.2   3.8  25.4  10.7   4.1  14.8   7.0  20.0   3.0   8.1  10.1  11.6   2.9   1.2   3.5  18.0  16.9  14.8   1.7   2.1  20.9  24.3   4.2  14.9  10.9   6.3   7.9   2.0  10.4   3.4   0.6
Jan-13  21.7  23.3   9.4  27.7  56.9  23.2  37.1   6.3  41.8  24.1   4.2  17.4  19.9  12.9   5.6  24.7  12.6  32.3  17.0   1.8  13.3  20.8   3.8  23.4  10.7   5.4  17.5   7.7  21.1   2.7   9.6  12.2  12.0   2.9   1.6   3.7  20.5  12.7  16.5   3.1   1.9  12.6  27.1   6.2  13.3  21.1   7.1   7.5   1.5  13.3   3.2   2.3
Jan-14  21.8  22.0  11.0  27.7  59.6  26.8  37.9   6.6  41.9  28.3   6.0  18.9  19.9  13.7   6.4  22.5  12.4  32.4  16.8   2.5  13.8  21.4   3.8  21.5  10.6   7.8  20.3   8.4  22.4   2.3  10.6  14.1  13.2   2.9   2.1   4.0  22.6  13.1  17.9   3.6   2.6  13.2  27.6   5.9  13.7  25.1   8.9   6.6   2.0  13.3   6.7   3.1
Jan-15  22.5  21.0  12.7  27.7  62.5  30.4  37.9   6.9  44.7  32.3   7.7  20.2  20.0  14.6   7.3  20.2  12.1  30.7  15.8   3.4  14.4  22.0   3.8  19.5  10.6  10.1  23.0   8.6  23.5   2.4  11.4  15.9  14.4   2.9   2.5   5.3  24.6  12.4  14.7   4.5   1.9  15.6  17.9   4.3  13.6  23.5   7.5   5.9   1.5  14.2   5.2   4.0
Jan-16  22.5  19.9  14.3  27.8  65.5  34.1  37.5   7.2  46.5  36.6   9.4  21.7  20.0  15.5   8.0  17.8  12.3  28.9  14.9   5.4  15.0  22.6   3.8  21.5  13.9  12.5  20.1   8.8  19.8   2.4  12.3  15.8  15.6   2.8   3.1   6.5  27.3  11.7  16.1   6.1   3.8  13.9  19.2   5.0  15.5  26.3   9.1   8.1   1.4  13.7   2.9   7.7
Jan-17  20.3  18.1  15.8  27.8  68.4  37.6  36.9   7.3  47.8  40.7  11.1  23.1  20.1  16.3   7.5  14.5  12.5  30.4  14.0   7.3  15.5  23.1   3.8  23.3  17.1  12.3  17.2   9.0  16.2   2.5  14.2  15.8  16.7   4.0   3.5   8.0  29.3  10.9  20.1   4.1   3.9  14.1  18.7  10.9  15.6  25.1  11.0  12.5   1.6  14.8   2.6   8.3
Jan-18  18.3  18.4  17.1  27.9  71.0  41.3  36.3   7.3  49.4  44.9  12.8  24.5  20.1  17.2   9.5  14.6  12.6  26.3  13.1   8.6  15.3  23.3   3.7  19.8  20.3  12.2  14.2   9.2  12.0   2.9  16.1  15.6  17.4   4.9   4.0   9.4  31.2  10.2  19.1   6.5   7.4  25.8  19.6  13.0  18.2  18.7  10.3   8.9   1.4  16.8   3.5  10.0
Jan-19  16.3  18.4  18.6  27.9  73.9  39.4  35.8   7.2  50.8  44.2  12.6  23.9  20.1  17.7  10.8  14.5  11.6  22.2  12.7   9.9  13.5  23.0   3.8  16.2  23.4  12.0  11.2  11.5  14.4   3.3  18.0  15.1  17.9   5.8   5.4  10.7  33.0   9.2  19.5   8.2   6.9  25.8  19.1  14.7   9.5  16.6  14.5  10.8   1.2  12.5   3.1  13.6
Jan-20  14.1  18.5  20.0  27.9  74.2  37.4  35.2   7.2  52.6  43.5  12.3  23.1  21.0  18.0  12.1  14.4  10.8  21.3  11.9  12.1  11.9  26.7   4.1  20.4  21.8  11.8  11.3  13.8  16.4   3.8  19.9  17.8  18.3   6.2   6.7  12.0  32.5  10.5  23.2  16.4   7.7  23.7  19.7  18.0   9.0  11.1  17.9  12.3   1.3  15.5   4.6  16.5
Jan-21  12.1  18.4  21.5  26.9  74.4  35.5  34.6   7.2  53.8  42.7  12.0  22.3  21.4  18.3  13.4  14.3  10.4  19.8  12.9  13.9  11.9  30.3   4.3  24.5  20.2  12.1  11.4  16.0  18.3   4.2  19.8  19.7  21.3   6.6   7.9  13.3  31.6  11.3  21.6  16.7   9.3  32.9  20.1  19.3   9.2  11.2  17.5  12.9   1.9  20.2   6.8  18.3
Jan-22  10.0  18.5  22.9  25.3  74.6  33.7  32.6   7.1  50.7  42.0  11.8  21.4  21.9  18.6  14.8  14.2  10.0  21.0  13.9  15.6  11.9  29.9   4.6  28.8  18.5  12.3  11.5  15.9  20.3   3.9  19.8  21.6  24.1   7.0   9.1  13.8  30.2  11.6  23.7  13.9  14.7  38.7  14.6  18.6   9.2  11.2  19.2   9.7   3.5  17.3   7.8  17.4
Jan-23   8.0  18.2  24.3  24.3  74.9  31.8  31.6   7.1  47.1  41.2  11.5  20.6  22.4  19.0  16.1  14.1   9.4  20.9  14.6  16.7  11.5  29.5   4.9  24.9  22.5  12.6  11.1  15.7  18.9   3.7  19.7  23.3  26.8   7.3  10.2  14.2  32.5  11.5  23.7  11.0  14.5  37.7  12.9  17.2   9.5  12.6  18.6   9.7   5.2  19.3   9.3  12.5
Jan-24  10.4  17.6  24.9  23.4  75.1  29.8  30.5   7.0  44.0  40.5  11.2  19.2  22.9  19.3  17.4  13.8  10.1  20.9  16.3  17.8  11.0  29.0   5.2  20.8  26.4  13.0  10.9  15.6  17.5   3.4  19.9  24.9  29.4   7.2  11.0  14.4  34.0  11.3  26.8   9.7  19.9  36.4  17.5  17.4   9.6  11.6  18.7   8.5   7.2  20.4   6.5  11.1
Jan-25  12.8  17.1  25.6  22.5  75.4  27.3  29.4  10.9  40.8  39.4  10.8  19.8  23.3  19.5  17.8  14.3  10.8  20.5  17.8  19.1  11.8  35.3   5.5  17.0  30.4  13.5  10.5  15.4  16.2   3.6  20.2  26.5  28.2   7.0  11.9  15.4  35.3  10.9  26.9  11.2  19.4  25.3  21.4  11.1  10.3  14.8  25.7   7.5   6.7  20.5   6.6  10.8
Jan-26  15.3  16.5  26.2  20.9  75.5  28.4  28.3  13.8  37.7  40.4  12.4  20.0  23.7  21.7  17.5  14.7  10.6  20.1  18.3  20.5  12.2  41.0   6.1  13.1  34.3  14.0  10.2  19.3  17.7   3.8  20.5  27.6  26.8   6.8  13.3  16.4  36.7  12.1  21.5  10.3  18.0  29.7  21.5  11.4  10.5  12.3  26.6   7.4   6.3  24.5   6.2  10.1
Jan-27  17.6  16.0  26.8  16.0  75.4  29.4  27.2  16.8  34.1  41.0  13.5  20.3  24.9  23.2  17.8  15.1  10.5  19.2  18.6  20.5  12.6  40.6   6.7  12.8  28.4  14.4  10.2  23.2  19.0   4.0  20.6  28.6  25.4   7.0  14.5  17.2  42.3  13.1  22.5   7.2  19.6  33.4  27.0  11.4  10.1  10.9  22.1   7.9   8.6  21.3   7.7  10.2
Jan-28  20.1  15.4  27.5  18.7  75.3  30.2  26.1  19.6  29.3  41.6  14.5  20.6  25.7  24.6  18.2  15.5  10.1  18.1  19.0  22.7  12.8  39.8   7.3  12.6  22.5  13.6  10.2  27.2  20.5   4.2  22.5  28.9  24.9   7.2  15.6  17.8  47.4  13.7  21.6   7.0  12.4  46.2  20.7   8.3   8.9  10.8  28.8   6.4   9.8  27.0   8.3   9.8
Jan-29  22.5  14.9  28.1  20.5  75.0  31.1  24.2  22.6  30.6  42.4  15.5  20.9  26.5  26.1  17.8  15.9   9.8  17.0  20.2  24.7  12.9  43.0   7.9  12.3  16.6  12.7  10.2  24.1  21.8   4.5  24.6  29.2  24.4   7.3  16.7  16.9  52.3  14.1  19.7   6.0  12.4  43.0  22.1  11.9  10.9  11.9  34.4   6.9  10.4  32.0  10.1   9.6
Jan-30  24.9  14.3  28.1  22.3  75.1  32.0  28.5  25.5  31.4  42.9  16.6  21.2  27.4  27.5  18.1  16.3   9.9  17.4  21.5  24.5  13.9  46.0   8.6  18.5  20.3  11.8  10.4  21.0  21.0   4.9  26.6  29.3  23.8   7.2  17.2  15.9  46.5  14.8  19.6   6.7  11.6  43.0  22.7  10.9  12.7  12.9  26.9   7.0  12.3  33.3  11.0   7.9
Jan-31  22.6  13.4  26.6  24.2  74.8  33.0  31.2  27.6  32.3  43.6  17.7  21.5  28.2  29.0  17.8  16.6  10.1  17.6  21.0  24.3  14.9  49.1   8.6  24.6  24.0  11.1  10.5  17.9  20.3   5.2  25.5  29.2  22.8   7.5  17.6  14.7  40.6  15.1  26.3   8.9  13.0  36.8  24.0  10.2  12.3  12.9  33.6  11.8  11.0  30.7  13.9   7.5
Feb-01  20.2  15.6  24.5  26.0  74.7  33.7  34.1  29.1  33.1  44.2  18.6  21.8  29.0  30.3  14.4  19.7  10.4  17.2  20.4  27.2  15.2  50.8   8.7  32.2  27.5  10.6  10.7  14.7  19.4   6.1  24.5  29.1  22.1   7.6  17.9  15.2  34.6  15.3  24.9   8.9  20.1  34.9  31.4   6.9  12.5  11.1  46.2   8.9  10.1  24.8  12.7   6.4
Feb-02  18.0  17.0  22.5  27.8  74.2  35.5  36.9  30.4  34.0  44.4  19.4  26.1  29.8  30.6  13.8  21.8  10.6  16.6  20.0  29.9  14.9  52.0   8.8  39.6  31.2   9.9  10.8  15.5  20.1   7.0  23.5  28.6  21.1   7.7  18.0  15.9  27.7  17.4  26.2   8.7  18.2  40.7  33.8   7.9  12.1  17.1  28.7   7.1  10.9  13.9  11.9   5.9
Feb-03  15.8  18.4  20.4  29.5  77.7  36.6  39.8  31.7  34.9  47.5  20.1  29.1  31.4  30.4  13.1  24.0  10.8  17.5  19.5  32.8  14.6  48.5   8.8  48.9  33.4   9.3  10.5  16.2  20.7   7.9  22.0  31.7  20.0   7.0  17.9  16.3  33.0  19.3  27.7   8.7  18.9  55.3  34.2   8.1  14.9  18.0  25.2   6.8  12.9  24.3  16.0   7.4
Feb-04  13.6  19.6  18.4  28.8  80.1  37.7  42.6  33.1  35.5  49.6  20.8  31.9  32.5  30.1  12.4  26.2  11.4  18.2  18.3  28.5  13.0  44.8   8.8  58.0  35.6  11.3  10.1  16.9  21.2   8.8  23.2  34.0  19.3   6.4  17.8  16.7  37.8  21.0  26.6   8.7  16.1  56.3  35.8   9.2  14.5  22.5  24.9   6.7  12.0  24.1  21.5   9.4
Feb-05  11.2  21.0  16.3  27.9  82.7  39.0  45.4  34.6  37.7  51.8  21.5  34.7  33.7  29.9  11.7  28.4  12.3  18.5  17.0  24.1  11.4  48.5   8.8  67.3  37.8  13.2   9.6  18.1  21.8   8.6  24.1  36.4  18.3   5.7  17.6  16.1  42.2  22.0  21.2   9.2  20.9  51.2  26.7   9.5  10.2  34.0  20.6   6.7  11.2  29.1  14.4   7.9
Feb-06   7.4  22.4  14.2  27.0  85.5  40.1  48.1  35.8  39.4  53.8  22.3  37.5  34.9  29.6  11.1  30.5  12.3  18.2  15.8  23.5  11.6  52.3   8.8  71.2  34.2  15.1   9.6  19.1  19.7   8.3  25.0  35.6  17.3   4.7  18.8  15.3  38.7  22.7  21.7   6.9  17.2  54.4  30.0   9.5  12.0  33.2  19.6   6.4  13.4  24.4  14.7   8.1
Feb-07   9.4  23.7  15.5  26.1  88.3  41.3  50.0  35.7  41.1  56.0  23.0  40.5  36.0  29.4  10.2  32.7  12.9  17.9  15.4  22.8  11.5  55.8  11.3  75.0  31.1  14.6   9.5  20.2  17.6   8.1  25.3  34.8  16.3   7.8  19.7  14.2  35.2  22.8  25.1   7.5  17.0  64.0  27.8   6.2  12.6  37.1  24.0  11.1  17.4  17.6  10.5   7.6
Feb-08  10.4  25.2  16.7  25.2  90.9  42.3  51.8  35.6  42.7  58.1  23.6  43.3  37.2  28.9  11.1  32.1  13.4  17.3  15.2  22.1  12.4  59.1  13.4  62.0  27.5  14.2   9.5  21.3  15.3   8.6  25.5  33.9  16.2  10.5  20.6  17.6  31.4  23.5  26.0   8.6  16.0  61.3  28.2   6.6  17.3  39.0  32.2  12.3  20.2  26.7   9.9   5.4
Feb-09  12.1  26.0  18.0  24.2  93.1  41.4  53.7  35.5  44.3  60.2  23.1  40.4  38.3  34.4  11.6  31.3  12.5  16.7  14.5  21.4  12.9  61.2  15.4  46.2  24.2  13.7   9.4  18.9  16.2   9.0  25.8  32.7  16.0  13.2  22.8  20.4  26.6  23.1  23.6   7.9  19.4  61.9  34.4   8.3  15.0  42.3  28.1  10.6  19.1  17.5   9.6   4.5
Feb-10  13.8  27.0  19.4  22.7  89.7  39.9  55.6  35.4  46.0  58.5  22.5  37.4  37.9  38.8  12.1  30.3  11.3  15.1  13.6  21.1  13.3  67.3  17.4  45.2  23.0  13.3   9.4  16.5  17.0   9.5  25.9  30.9  16.0  13.1  24.5  22.9  23.2  22.6  23.9   7.3  18.7  66.0  39.3  11.7  14.2  44.5  27.7  12.0  17.7  14.2  11.2   2.6
Feb-11  15.4  28.0  20.8  23.0  86.8  38.6  57.4  35.3  47.6  56.4  22.0  34.5  37.3  43.0  12.7  29.5  10.8  13.4  13.6  20.5  14.4  73.5  18.8  43.6  21.7  13.3   9.3  14.1  17.8   9.9  27.2  29.0  15.8  12.9  26.2  25.5  19.7  22.1  29.4   7.6  10.9  79.9  39.5  15.5  13.6  51.3  27.6   9.7  21.3  13.2  10.1   2.6
Feb-12  16.4  29.0  22.0  22.9  83.8  37.1  59.0  35.2  45.7  53.9  21.4  31.7  36.7  47.2  13.3  28.6  10.2  14.0  13.6  19.8  15.6  76.6  20.2  41.6  20.5  13.3   9.2  14.7  18.6   9.5  28.4  27.1  15.6  12.6  27.6  26.4  15.7  21.6  28.6  10.2   9.7  82.2  44.5  18.6  13.6  37.3  24.4   8.9  27.9  16.7   7.6   2.7
Feb-13  14.9  29.8  22.6  22.8  80.7  35.8  65.2  34.7  43.6  51.7  20.9  28.8  36.0  51.5  13.8  27.8  12.7  15.4  13.5  20.0  15.8  79.6  21.6  35.2  21.5  13.3   9.6  15.4  18.8   9.1  29.7  27.4  15.4  12.3  30.6  27.0  19.0  21.1  22.9  12.8  11.3  81.1  43.5  23.6   9.8  36.3  31.9  10.8  25.4  30.4   8.4   2.9
Feb-14  15.9  30.2  22.7  22.8  77.6  34.4  69.6  35.8  41.5  49.5  20.1  25.8  35.4  55.8  14.3  26.4  13.9  16.8  13.9  20.0  15.9  82.7  20.7  28.8  22.5  12.3  10.0  16.0  18.9   8.7  33.2  27.7  15.0  11.8  32.8  27.5  21.7  20.6  16.4   9.1  10.2  65.2  52.2  26.8   9.4  31.6  32.4  13.8  24.3  37.5   8.0   2.7
Feb-15  16.7  32.1  22.6  22.8  74.7  32.1  74.1  36.3  39.6  47.4  19.8  21.6  34.8  60.0  15.3  27.9  15.1  18.1  14.1  20.1  16.6  72.3  19.5  33.3  23.3  11.3  10.4  16.6  19.0   9.0  36.7  28.0  15.1  11.3  34.6  25.6  24.3  19.8  13.8   8.9  10.3  67.1  51.4  17.4   9.7  28.7  30.3  13.8  27.3  37.4   7.3   3.0
Feb-16  17.5  33.3  22.5  22.7  71.7  38.5  78.3  36.8  37.5  44.9  19.5  20.6  33.9  61.3  16.1  28.5  18.6  19.5  14.5  20.2  17.4  61.3  20.4  37.7  24.4  10.3  10.8  17.3  19.9   9.2  40.1  28.1  15.1  10.6  32.8  23.9  26.9  17.3  17.2   8.9  11.7  70.6  57.0  16.2  13.2  26.9  30.9  13.9  28.7  23.6   7.0   3.0
Feb-17  18.2  34.5  22.6  22.3  71.9  43.1  82.9  37.4  35.4  41.2  19.2  19.4  35.2  62.2  16.9  29.3  22.1  22.4  14.8  19.6  18.1  56.6  21.2  38.6  28.3   9.3  11.2  17.9  20.8   9.4  43.5  29.2  14.9  12.2  30.9  21.9  25.4  14.7  15.1   7.6  14.3  64.9  63.2  17.1  12.9  22.7  31.5  15.0  29.9  17.6   8.1   4.5
Feb-18  18.9  35.9  22.6  23.8  72.4  47.8  87.3  37.9  32.3  40.2  18.9  18.3  36.2  63.0  17.7  30.0  24.0  25.1  15.0  18.0  19.3  52.0  20.0  39.6  32.0   8.5  11.5  18.5  21.6   9.7  41.0  29.9  14.9  13.5  28.6  19.7  23.8  11.7  12.8   7.5  24.4  72.4  51.7  21.5  11.5  19.9  36.6  11.5  33.3  27.1   9.3   5.3
Feb-19  19.8  37.1  22.4  23.1  72.8  52.6  91.8  38.4  30.2  39.1  18.6  17.2  37.2  63.9  18.4  30.8  25.9  26.9  14.8  16.3  20.3  47.3  18.7  40.7  35.8   7.7  11.9  16.8  22.4   8.4  38.5  30.6  14.9  14.9  26.0  24.9  21.8  11.9  11.5   7.4  12.1  60.2  63.7  15.8   9.4  20.3  47.7  11.8  31.3  26.0   8.4  10.9
Feb-20  20.4  38.4  21.6  22.0  73.1  57.3  91.8  38.6  28.1  37.9  18.3  16.1  38.3  64.8  19.3  31.4  26.3  24.4  14.6  14.9  23.6  42.6  17.5  32.9  36.2   6.8  12.4  15.2  24.8   7.2  36.1  27.2  14.7  16.1  23.1  29.3  24.7  12.1  11.6   8.6  14.2  59.1  53.7  14.3  10.0  20.5  39.7  13.4  24.9  23.8   7.0  10.1
Feb-21  22.8  39.4  21.7  20.9  73.4  61.9  91.9  37.9  26.0  36.6  18.1  14.9  39.3  65.7  20.0  32.0  27.0  21.9  14.1  13.1  26.8  36.2  16.0  25.4  36.6   6.8  13.0  13.4  27.1   6.0  34.8  24.0  14.5  15.7  20.1  33.5  27.1  11.9  13.5   9.7  15.8  39.1  55.6  10.8   9.8  18.6  27.9  17.2  26.7  22.0   6.2   7.4
Feb-22  24.4  38.4  21.3  19.7  73.9  66.6  91.9  37.2  23.9  35.6  17.8  13.2  40.3  66.6  18.5  30.1  27.6  21.6  13.5  12.2  30.2  36.7  14.4  28.0  36.8   6.7  13.5  11.8  29.5   6.4  33.5  20.2  15.5  15.0  16.6  32.3  29.4  12.0  16.1   7.3  18.4  37.7  61.1  11.5   8.6  25.3  31.4  10.8  18.7  25.5  10.5   8.8
Feb-23  26.2  37.1  21.4  19.0  73.5  66.2  92.1  36.4  21.8  33.8  17.3  13.6  41.3  66.8  16.9  28.3  27.7  21.2  15.1  11.0  29.2  36.0  14.1  30.4  37.0   6.7  14.0  11.9  25.2   6.8  32.0  16.3  16.2  14.0  16.9  30.8  31.6  12.1  22.3   6.4  21.6  29.8  62.6  11.2   8.5  26.0  26.2   9.2  14.9  28.0  11.8   7.7
Feb-24  28.0  36.0  21.4  17.7  73.9  65.4  92.2  35.7  19.8  35.3  16.2  13.8  40.9  66.5  15.4  26.4  27.6  21.3  16.6  10.9  28.1  39.2  13.7  28.9  30.9   6.6  14.6  12.1  21.0   7.3  30.6  17.6  16.9  13.7  17.3  29.2  29.0  12.0  20.8   6.1  21.6  41.4  65.6  12.2   7.4  16.6  27.9   9.6  14.4  28.2  16.1   9.7
Feb-25  29.7  34.7  21.5  17.9  73.3  64.5  92.3  34.9  16.8  36.0  15.0  14.1  40.4  66.0  13.7  24.5  28.5  21.1  19.0  10.9  29.6  42.1  14.2  27.2  24.8   6.2  15.1  12.3  16.7   7.7  35.2  18.4  16.6  13.4  17.2  26.9  26.8  11.8  16.0   6.1  14.5  52.6  58.4   9.9   6.6  16.2  31.6  10.0  14.4  29.8  16.0   6.0
Feb-26  31.3  33.7  21.1  17.1  73.0  63.5  92.3  34.2  16.1  36.7  14.0  14.3  39.8  65.6  12.2  22.6  29.3  22.6  18.5  10.7  31.2  47.9  14.6  25.6  18.4   5.9  15.7  12.2  12.4   8.3  39.8  19.1  16.2  13.0  17.3  26.4  24.4  11.1  15.3   5.8  14.0  52.9  67.4   9.6   8.8  11.8  40.4  10.7  12.2  33.1  11.1   5.1
Feb-27  33.0  32.4  18.5  16.2  72.7  62.6  90.0  33.1  15.5  37.5  12.9  14.5  39.3  65.1  10.6  20.8  29.8  23.3  17.9  10.8  31.6  53.7  14.7  23.9  19.8   5.4  14.3  12.1  13.3   8.8  44.4  18.3  15.8  12.4  16.9  25.4  29.3  10.3  16.3   6.4  13.4  69.2  72.9   9.3   5.7  10.1  45.8  10.9  11.0  19.9  10.3   5.4
Feb-28  30.7  30.7  18.4  15.2  72.5  61.9  88.0  33.8  14.8  38.2  11.7  14.7  38.7  64.8   8.3  17.7  28.5  23.9  17.7  10.8  32.2  59.3  14.8  21.9  20.7   5.2  13.0  11.9  14.3   9.4  45.2  17.4  15.3  13.2  16.1  23.9  33.5   9.5  18.3   7.1  10.9  85.3  71.2   8.1   5.7  11.6  41.8  12.1  11.9  19.5  11.4   3.6
Feb-29    NA    NA    NA  14.2    NA    NA    NA  34.0    NA    NA    NA  14.9    NA    NA    NA  17.7    NA    NA    NA  11.0    NA    NA    NA  19.9    NA    NA    NA  11.8    NA    NA    NA  16.5    NA    NA    NA  22.4    NA    NA    NA   6.5    NA    NA    NA   9.5    NA    NA    NA  12.4    NA    NA    NA   7.7
Mar-01  28.7  30.7  18.2  13.4  71.9  60.3  85.7  34.1  14.1  39.0  10.5  16.7  38.2  63.2   8.3  17.4  27.2  25.1  17.3  11.3  31.4  66.4  14.6  17.5  21.6   5.0  11.6  10.6  15.2   9.9  46.1  15.0  17.5  13.7  15.2  21.0  37.5   8.7  18.4   7.0  11.2  78.6  49.2  10.2   7.7  14.1  44.2  11.6  10.6  18.0  11.3   6.6
Mar-02  26.6  28.2  17.9  12.3  71.5  59.6  83.3  34.4  13.4  39.8  10.3  17.7  37.4  62.9   8.1  17.2  25.5  26.1  18.0  11.4  25.5  73.2  14.6  24.6  22.7   4.7  10.2   9.5  15.3  10.4  46.9  15.1  19.3  14.2  17.2  19.4  42.1   8.5  16.1   7.6  11.9  90.0  48.5  14.3  13.1  14.8  41.4   8.6  11.5  19.8  10.7   3.8
Mar-03  24.4  25.0  17.7  13.4  68.9  58.6  81.2  34.6  12.8  40.3  10.1  18.8  38.3  62.5   7.8  17.0  23.8  27.7  18.6  11.3  19.7  75.7  14.4  31.3  19.8   4.5  10.8   8.3  15.4  10.9  47.7  15.0  21.0  14.1  18.9  17.3  38.7   8.4  13.7   6.6  17.9  86.0  51.7  14.9  12.7  14.8  41.0   9.1   9.1  24.2  14.6   3.0
Mar-04  22.3  21.8  17.5  14.3  66.7  57.3  79.1  34.8  11.8  40.2   9.9  20.0  38.8  61.8   7.7  16.8  24.3  28.9  18.3  11.1  19.6  77.8  14.4  38.2  16.9   4.6  11.4   8.3  15.5  11.3  47.7  14.9  21.1  13.9  19.6  17.5  35.2   8.4  11.3   6.4  17.1  92.3  56.2  13.6  13.7  15.9  40.3   9.0  10.7  21.6  11.8   5.0
Mar-05  20.3  18.6  17.3  15.4  64.2  56.2  76.8  34.4  12.3  40.1   9.7  21.1  39.3  61.3   7.5  16.5  24.3  29.4  17.0  10.7  19.5  78.7  14.5  39.1  14.0   4.6  12.0   8.3  15.5  11.7  47.8  14.7  21.0  13.7  21.4  17.4  31.3   8.3  11.3  12.5  14.0  92.8  61.0  12.3  11.2  15.3  42.4   8.8  12.6  24.1  12.2   2.8
Mar-06  17.4  16.1  16.7  16.5  62.1  54.8  76.2  31.7  12.5  39.9   9.5  22.2  39.8  60.6   7.2  16.2  26.0  29.9  15.8  10.4  19.2  79.3  14.5  39.8  14.2   4.6  11.8   8.2  14.6  12.1  47.8  14.4  20.8  13.4  27.2  17.2  29.5   8.3  11.3   8.3  14.0  92.0  60.7   9.3  10.3  13.6  46.8  11.0   9.4  18.1   9.5   1.7
Mar-07  19.0  12.9  15.6  17.6  59.8  53.8  75.7  28.9  12.7  39.7   9.3  23.1  40.4  60.2   6.9  16.3  27.1  30.5  13.9  10.2  18.6  79.9  14.1  50.2  14.4   4.1  11.7   8.1  13.6  12.4  47.8  14.1  20.4  13.4  32.3  21.5  27.6   8.3  17.6   6.8  16.3  89.8  49.0   7.6   8.7  10.3  39.6  10.7   9.7  17.5   9.2   1.8
Mar-08  17.4  13.6  14.5  18.4  57.6  51.1  75.3  26.2  13.0  39.5   8.8  24.0  40.9  59.4   7.5  16.3  28.3  29.8  11.9   9.9  18.8  66.3  13.9  60.4  14.4   3.6  11.5   7.1  12.6  11.3  47.9  13.7  19.2  13.4  37.2  25.0  25.8   8.3  19.2   5.1  13.4  93.1  35.1   7.3   5.0  12.5  55.8   8.7  10.4  17.4   8.9   0.6
Mar-09  15.1  13.4  13.5  18.6  52.7  51.3  74.6  23.3  13.2  39.1   8.6  24.4  41.3  53.7   7.9  16.3  28.1  29.0  11.4   9.9  18.6  52.4  13.4  56.0  14.6   3.1  11.5   6.0  13.6  10.1  47.9  13.1  18.2  13.4  31.8  28.4  23.6   8.3  13.4   4.2  12.2  92.2  33.1   6.8   4.9  12.3  54.4   7.9  10.2  15.2   9.0   0.4
Mar-10  12.8  14.1  12.4  18.3  50.8  50.9  74.1  20.6  13.4  36.9   8.4  24.8  37.3  47.6   8.3  16.3  28.0  28.3  10.7   9.8  18.5  44.2  12.9  51.9  14.6   2.6  11.4   4.9  14.5   8.9  48.0  12.5  16.8  12.8  26.4  31.7  21.4   8.4  13.6   3.7  10.7  76.9  32.8   7.7   8.6   8.9  34.2   7.5   9.6  16.3  10.0   0.1
Mar-11  10.5  14.8  11.3  17.2  48.8  50.5  73.7  17.8  13.6  34.7   8.3  25.2  33.3  41.9   8.8  16.2  27.8  26.8  11.0   9.6  16.2  36.1  12.4  47.8  14.3   3.1  11.4   5.0  15.4   7.7  44.5  11.6  17.7  12.3  20.6  27.8  20.0   8.1  12.6   4.8  10.4  79.0  36.5   7.3   9.0   9.1  24.7   7.7   8.0  17.1   6.3   0.1
Mar-12   8.9  15.5  10.3  16.0  46.8  50.1  72.1  14.1  13.8  32.3   8.1  25.4  29.2  36.2   9.2  16.3  27.5  24.8  11.4  11.0  13.8  32.4  11.8  39.0  14.1   3.6  11.3   5.0  16.4   8.5  40.9  11.9  18.6  11.6  14.0  23.7  18.3   8.4  13.2   3.0  10.2  78.3  37.1   6.1  11.9   9.9  23.0   7.6   7.6  15.2   5.9   0.1
Mar-13   6.6  15.4   8.7  14.7  44.9  49.7  67.4  14.2  14.0  30.1   7.9  25.8  25.5  30.4   9.6  15.9  27.3  23.4  11.8  12.3  14.1  28.8  11.1  29.9  14.2   4.2  10.7   5.1  14.4   9.2  37.4  12.0  19.4  10.8  13.2  19.1  17.4  17.5  13.2   2.3   9.9  76.3  32.8   6.1  16.7  10.7  22.2   7.0   7.5  15.2   5.7   0.1
Mar-14   6.0  11.6  11.1  13.5  42.9  49.3  62.5  14.1  14.1  27.8   7.7  26.2  21.4  24.4  10.0  15.7  28.5  21.8  11.4  12.3  13.9  23.5  10.7  31.4  14.3   5.0  10.2   5.1  12.5   9.9  35.3  12.2  20.0   9.5  12.3  18.5  16.5  17.5  11.8   1.9   9.6  57.3  33.1   6.1  16.6   9.3  22.9   5.5   7.7  19.7   8.8   0.1
Mar-15   5.4  15.1  11.0  12.5  40.9  48.6  57.8  13.9  14.2  25.7   7.4  26.2  17.4  16.8  10.6  15.4  29.6  19.1  10.9  12.4  14.5  21.7  10.3  32.9  14.2   5.8   9.6   4.5  10.4  10.5  33.3  12.1  18.7   8.1  11.2  17.9  15.6   7.2  12.4   2.0   9.5  54.1  30.5   5.3  14.0   8.8  17.6   6.6   7.6  22.4   7.7   0.0
Mar-16   4.8  15.1  10.3  11.2  38.7  45.5  52.7  13.8  14.3  23.3   6.8  23.7  11.9  16.4   9.9  15.1  29.4  16.4  10.6  12.2  13.3  20.2  10.3  34.2  14.3   6.5   9.0   3.8  11.3  11.2  30.8  12.3  17.5   6.7  11.2  16.6  14.7   5.6  10.6   2.3   9.5  52.1  28.5   2.9  10.8  10.1  18.6   6.5   7.1  19.8   6.3   0.0
Mar-17   4.3  14.2   9.5  11.3  38.2  42.5  47.9  13.7  14.5  19.9   6.1  21.2  12.7  16.1   8.8  14.8  29.2  14.4  10.2  12.0  11.9  21.0  10.3  35.5  14.7   7.3   8.4   3.1  12.0  11.8  29.0  12.4  16.1   6.4  11.0  16.0  13.3   5.4  10.0   3.0  10.1  67.1  27.9   1.1  10.1   9.2  17.8   4.7   6.8  15.8   6.2   0.0
Mar-18   3.7  13.3   8.8  11.3  37.4  39.6  43.1  13.6  14.5  20.9   5.5  18.6  13.3  15.8   7.8  14.5  30.1  11.9   9.6  11.8  12.0  21.9  10.4  36.8  15.0   6.8   7.7   2.6  12.6  12.4  28.6  12.3  15.3   6.0  10.5  16.0  13.3   5.7   9.2   2.1  11.1  58.4  28.8   1.7   9.3   8.9  16.3   4.7   6.5  15.5   6.9   0.0
Mar-19   3.0  12.4   8.7  11.4  36.8  36.7  36.5  13.1  14.0  21.3   4.9  16.2  13.8  15.5   6.7  14.2  30.9  11.6   9.4  11.4  11.9  22.0  10.4  32.3  15.3   6.2   7.1   2.1  13.4  11.1  28.2  11.8  14.4   5.4  10.5  15.8  13.3   5.1   9.9   0.7  10.4  57.7  28.9   0.8  10.5  11.3  16.5   5.0   7.2  14.6   7.1   0.0
Mar-20   2.6  12.4   7.9  11.4  35.9  33.8  35.0  12.7  13.5  21.8   4.2  13.6  14.4  15.1   6.0  13.6  30.3  10.9   9.1  11.0  11.6  21.9  10.4  27.4  15.6   5.7   6.4   1.3  12.7   9.9  27.5  11.3  13.5   5.1  10.7  15.9  13.1   4.6   9.1   0.5  10.3  55.3  26.9   0.5  11.2  10.8  16.1   5.3   5.4  14.6   5.9   0.0
Mar-21   1.7  11.5   8.5  11.5  35.3  30.8  33.3  12.1  13.0  22.2   3.6  11.1  15.0  14.8   4.6  12.9  28.8  10.3   8.5  11.3  11.5  22.0   9.6  23.9  16.2   5.3   5.7   0.9  12.0   8.7  27.0  10.7  12.3   5.1  10.8  15.2  12.9   4.0   8.1   0.4  10.3  50.2  27.7   0.3  11.2  10.9  16.1   5.0   4.9  14.2   7.3   0.0
Mar-22   1.6  13.2   8.8  11.5  34.5  26.4  31.6  11.6  12.5  22.7   2.9   7.5  15.6  14.1   5.7  12.2  27.2   9.9   7.8  11.6  11.2  20.6   8.6  19.8  16.5   4.9   5.0   1.1  11.2   9.5  26.4   9.9  11.8   5.1  11.0  14.7  12.8   3.5   8.0   0.3  10.4  50.9  29.0   0.1   6.7   9.7  15.0   7.4   3.2  14.2   5.1   0.1
Mar-23   1.3  14.6   9.1  10.7  33.0  24.8  30.0  11.0  12.0  22.9   2.0   9.0  16.1  13.5   5.5  11.5  26.0   9.4   7.5  11.5  11.2  19.3   7.3  18.8  16.8   4.4   4.3   1.2  10.4  10.4  25.8  10.0  11.2   5.0  10.5  14.0  12.6   2.8   7.4   0.3  10.6  47.9  31.2   0.1   6.7   8.4  15.2   7.5   2.2  12.8   5.6   0.0
Mar-24   1.1  16.3   9.4  10.9  33.6  23.1  28.3  10.5  11.5  21.8   1.9   9.9  15.1  13.2   4.9  10.8  24.8   9.8   6.9  11.4  11.1  18.4   6.1  17.6  17.1   4.1   4.2   1.3   9.5  11.3  25.1  10.1  10.5   4.7  10.1  13.3  12.3   2.2   6.7   0.0   9.3  64.3  29.9   0.0   5.9   7.9  14.6   6.2   2.7  12.0   6.8   0.0
Mar-25   0.8  18.1   9.7  10.5  33.7  21.4  26.7  10.0  10.8  20.5   1.8   9.9  14.1  12.6   4.3  10.1  23.4  10.0   6.5  11.0  10.9  17.5   5.6  16.4  17.4   3.7   4.0   1.0   8.6  12.1  24.8  10.0  10.3   4.4   9.5  12.4  10.9   2.4   9.5   0.0   8.5  48.6  24.3   0.0   5.4   9.7  15.1   6.2   1.8  11.8   4.5   0.0
Mar-26   0.5  19.8  10.0   9.9  33.7  19.6  24.2   9.1  10.9  19.3   1.7   9.8  13.1  12.0   3.7   9.3  21.7  10.0   5.9  10.3  10.6  16.9   4.9  16.2  17.7   3.4   3.9   0.8   7.8  10.5  24.4   9.9  10.1   3.6   9.1  10.6   9.4   2.0  11.1   0.0   8.0  44.6  24.6   0.0   3.8   9.6  14.3   4.9   2.2   9.5   4.4   0.0
Mar-27   0.1  21.2  10.1   9.3  34.0  17.9  23.4   9.5  11.0  17.9   1.6   9.7  12.1  11.4   3.4   8.3  20.9   9.4   5.4   9.5  10.3  16.4   4.3  15.8  18.0   3.0   3.4   0.6   7.8   9.0  24.1   9.8   9.9   3.4   7.2  10.6   8.9   1.5   9.9   0.0   7.2  45.0  23.5   0.0   3.6   7.7  14.0   3.4   1.1  10.9   4.8   0.0
Mar-28   0.1  21.2  11.9   8.8  33.9  16.1  22.4   9.8  11.0  16.7   1.6   9.6  11.1  11.1   2.7   7.7  20.3   8.9   4.7   8.7  10.0  15.8   4.0  15.7  18.5   2.6   3.0   0.2   7.9   7.5  22.3   9.7   9.5   3.8   5.4  10.7   8.8   1.1   7.6   0.0   7.5  41.9  21.6   0.0   3.3   7.8  12.3   4.3   1.2  10.3   4.8   0.0
Mar-29   0.1  20.1  13.0   8.3  34.0  13.7  21.5  10.1  11.1  14.8   1.5   9.5  10.1   9.5   3.1   7.1  19.5   8.4   3.9   7.8   9.6  15.6   3.7  15.5  18.8   2.1   2.6   0.2   7.9   6.6  20.7   9.5   9.9   4.0   3.4  10.7   8.5   0.6   7.7   0.0   7.9  33.8  16.6   0.0   4.1   8.0  13.1   2.9   0.5  14.9   3.6   0.0
Mar-30   0.1  18.4  14.0   7.7  33.5  13.2  20.5  10.4  11.1  14.7   1.3   9.6   8.7   9.5   2.8   6.5  16.5   7.9   3.6   7.3   9.6  15.7   3.3  15.4  19.1   1.6   2.2   0.1   8.2   5.7  18.9   9.4  10.1   4.2   2.8  10.6   8.2   0.0   8.5   0.0   7.6  43.3  18.1   0.0   3.6   7.5  13.6   1.5   0.2  10.7   3.0   0.0
Mar-31   0.1  16.5  15.0   7.5  32.6  12.6  19.7  10.7  11.2  14.5   1.2   9.5   7.9   9.5   3.2   5.9  13.3   7.6   3.1   6.7   9.6  15.3   2.9  15.2  18.0   1.2   1.7   0.1   8.4   4.7  16.9   9.1  10.3   3.4   2.4  10.5   7.9   0.0   8.0   0.0   7.7  38.4  19.6   0.0   2.9   7.0  11.5   1.5   0.0  12.2   2.8   0.0
Apr-01   0.1  14.6  16.0   7.3  31.5  12.1  18.7  11.0  11.2  14.3   1.0   9.5   7.0   9.4   3.5   5.3  11.9   7.1   3.0   6.1   8.9  15.2   2.6  15.0  17.0   0.8   1.3   0.1   8.6   3.6  17.3   8.9   9.8   2.5   1.3  10.4   8.5   0.0   3.4   0.0   7.9  39.0  16.7   0.0   2.2   7.3  11.6   1.3   0.0  10.3   3.0   0.0
Apr-02   0.1  12.7  17.1   7.1  30.3  11.5  16.9  11.1  10.0  14.1   0.9   9.5   6.2   9.4   3.2   4.6  10.4   6.7   2.5   6.1   8.4  14.3   2.3  15.5  15.7   0.5   0.7   0.1   8.8   3.6  17.5   7.8   9.3   1.7   0.9   9.7   5.5   0.0   8.4   0.0   6.5  30.6  12.9   0.0   1.7   6.6  11.4   0.5   0.0  10.9   1.8   0.0
Apr-03   0.0  10.9  18.1   6.9  29.2  10.9  16.0  10.2   8.9  13.8   0.8   9.5   5.3   9.4   3.6   3.7   9.8   5.4   2.1   6.1   7.6  13.5   1.8  15.9  15.3   0.1   0.6   0.0   8.9   3.4  17.6   6.7   8.8   0.5   0.7   9.1   4.8   0.0   7.8   0.0   6.0  34.0  13.3   0.0   1.5   5.3   9.9   0.4   0.0   8.6   1.4   0.0
Apr-04   0.0   8.3  17.2   6.7  28.0  10.3  15.0   9.3   7.8  13.7   0.6   9.5   4.5   9.3   3.3   3.2   9.9   4.1   2.1   5.7   6.7  12.5   1.6  15.6  14.8   0.1   0.5   0.0   9.0   3.3  17.2   5.5   8.1   0.4   0.5   8.9   4.2   0.0   6.3   0.0   5.8  31.2  12.3   0.0   0.7   5.5  10.8   0.4   0.0   7.2   1.4   0.0
Apr-05   0.0   7.8  15.7   6.5  26.9   9.7  14.1   8.4   6.6  13.4   0.4   9.5   3.7   9.2   0.2   2.7   9.9   3.9   2.0   5.1   5.7  12.1   1.5  15.1  14.3   0.1   0.4   0.0   9.2   3.1  16.8   4.1   7.9   0.4   0.2   8.7   3.6   0.0   5.4   0.0   5.9  31.2  11.3   0.2   0.1   4.4  11.3   0.4   0.0   7.5   1.5   0.0
Apr-06   0.0   7.2  14.2   6.3  24.9   9.4  13.1   7.5   5.5  12.9   0.4   8.6   2.4   7.9    NA   2.2  10.0   3.5   1.7   4.4   4.8  11.9   1.0  16.9  13.8   0.1   0.2   0.0   7.8   3.0  16.3   4.2   7.5   0.3   0.2   8.5   2.9   0.0   4.5   0.0   6.0  28.2  14.0   0.0   0.0   4.5  10.7   0.2   0.0   8.0   0.4   0.0
Apr-07    NA   6.6  12.7   5.8  23.1   8.9  12.2   6.6   4.4  12.5   0.5   7.6   2.2   6.7    NA   1.7  10.0   2.8   1.5   4.1   4.0  11.0   0.6  18.2  12.9   0.1   0.2   0.0   6.4   2.8  15.9   4.3   7.2   0.2   0.3   8.2   2.6   0.0   4.4   0.0   6.0  26.5  12.8   0.0   0.0   3.9  10.7   0.2   0.0   6.8   0.3   0.0
Apr-08    NA   6.0  11.1   5.2  21.1   8.4  11.2   5.8   2.8  12.0   0.5   6.5   2.0   5.5    NA   1.2  10.5   1.6   1.1   3.7   3.4  10.4   0.5  19.4  12.0   0.0   0.1   0.0   4.9   2.5  14.4   4.3   6.2   0.1   0.3   7.9   1.7   0.0   4.3   0.0   6.2  29.4  13.9   0.0   0.1   3.8   9.9   0.2   0.0   6.6   0.3   0.0
Apr-09    NA   5.4   9.7   4.7  19.0   7.9   9.9   4.5   2.4  11.6   0.5   5.9   1.8   4.3    NA   0.7  10.8   1.1   1.0   2.9   2.8   9.7   0.3  17.2  11.0   0.0   0.0   0.0   3.0   2.5  12.9   3.8   5.3   0.1   0.4   6.7   1.5   0.0   4.5   0.0   6.1  27.2   8.1   0.0   0.1   4.3  10.4   0.2   0.0   5.3   1.7   0.0
Apr-10    NA   4.8   7.6   4.2  17.1   7.3   9.6   4.0   2.0  11.1   0.5   5.1   1.6   3.0    NA   0.0  10.7   1.1   0.9   2.0   2.4   9.1   0.1  13.9  10.5   0.0   0.0   0.0   2.7   2.3  11.2   3.2   4.2   0.0   0.3   6.1   1.6   0.0   4.3   0.0   5.9  23.2   8.3   0.0   0.0   4.2   8.4   0.2   0.0   4.3   0.2   0.0
Apr-11    NA   3.8   7.3   3.7  15.1   6.8   9.3   3.5   1.7  10.6   0.5   4.3   1.4   1.8    NA   2.6   9.6   1.1   0.7   1.7   1.7   8.3   0.1  12.7  10.2   0.0   0.0   0.0   2.3   2.1  10.6   2.6   3.0   0.0   0.2   5.2   1.6   0.0   2.1   0.0   5.3  23.2   8.1   0.0   0.0   4.2   9.3   0.1   0.0   5.5   0.1   0.0
Apr-12    NA   4.5   6.9   3.2  13.0   6.3   9.0   3.0   1.3  10.1   0.5   3.3   1.2   0.0    NA   2.6   8.5   1.1   0.6   1.3   1.5   7.2   0.0  11.3   9.8   0.0   0.0   0.0   1.8   1.9   9.9   1.9   2.4   0.0   0.0   4.3   1.6   0.0   0.9   0.0   4.6  22.7   5.6   0.0   0.0   4.1   1.9   0.1   0.0   4.6   0.1   0.0
Apr-13    NA   4.5   6.6   2.5   9.9   5.9   8.7   2.5   0.9   9.4   0.5   2.9   0.9   4.0    NA   1.9   8.1   1.1   0.4   1.0   1.3   6.3   0.0  11.2   9.2   0.0   0.0   0.0   1.5   1.6   9.2   1.7   1.8   0.0   0.0   3.4   1.6   0.0   0.8   0.0   4.7  23.5   5.3   0.0   0.0   4.4   3.4   0.0   0.0   4.0   0.1   0.0
Apr-14    NA   5.1   6.2   2.3   9.1   5.7   8.3   2.0   0.5   8.9   0.4   2.5   0.8   4.0    NA   1.3   7.7   1.0   0.3   1.1   1.0   5.6   0.0  11.1   8.9   0.0   0.0   0.0   1.2   1.3   8.3   1.5   1.1   0.0   0.0   2.5   1.6   0.0   0.8    NA   4.8  20.8   5.1   0.0   0.0   4.3   2.8   0.0   0.0   2.1   0.1   0.0
Apr-15    NA   5.7   5.8   1.9   8.2   5.4   8.1   1.5   0.0   8.3   0.4   2.1   0.7   3.0    NA   0.6   6.9   0.9   2.0   1.1   0.8   4.9   0.0  10.9   8.6   0.0   0.0   0.0   0.9   0.8   7.2   1.2   0.9   0.0   0.0   1.4   1.0   0.0   0.1    NA   4.2  21.0   5.1   0.0   0.0   4.7   1.3   0.0   0.0   0.6   0.0   0.0
Apr-16    NA   6.3   5.4   1.5   7.4   5.0   7.5   0.8    NA   7.7   0.4   1.6   0.5   2.0    NA   0.6   5.9   0.7   2.0   1.0   0.6   3.9   0.0  10.3   8.2   0.0   0.0   0.0   0.4   0.6   6.1   0.9   0.7   0.0   0.0   1.9   0.4    NA   0.0    NA   4.2  21.1   4.0   0.0   0.0   4.1   1.3   0.0   0.0   0.7   0.0   0.0
Apr-17    NA   6.3   4.7   1.2   6.5   4.7   7.3    NA    NA   7.2   0.4   1.2   0.4   1.0    NA   0.0   5.3   0.6   1.5   0.9   0.6   2.6   0.0   9.4   7.9   0.0   0.0   0.0   0.2   0.3   5.0   0.7   0.5   0.0   0.0   0.8   0.3    NA   0.0    NA   4.3  20.5   3.1   0.0   0.0   4.1   1.1   0.0   0.0   0.8   0.0   0.0
Apr-18    NA   3.8   5.0   0.8   5.6   4.5   7.0    NA    NA   6.6   0.3   0.8   0.3   1.0    NA    NA   4.8   0.6   1.0   0.8   0.4   1.3   0.0  10.2   7.6   0.0   0.0   0.0   0.1   0.1   3.8   0.4   0.2   0.0   0.0   0.7   0.2    NA   0.0    NA   4.2  21.5   2.8   0.0   0.0   4.0   1.0   0.0   0.0   0.7   0.0   0.0
Apr-19    NA   7.0   4.8   0.4   4.8   3.3   6.8    NA    NA   6.1   0.3   0.0   0.2   0.0    NA    NA   4.4   0.4   0.6   0.6   0.4   1.0   0.0  10.6   7.3   0.0   0.0   0.0   0.0   0.1   2.7   0.0   0.1   0.0   0.0   0.5   0.1    NA   0.0    NA   3.5  18.4   1.8   0.0   0.0   2.3   0.8   0.2   0.0   0.7   0.0   0.0
Apr-20    NA   6.6   4.5   0.0   3.9   2.9   6.6    NA    NA   5.2   0.3   0.0   0.0   0.0    NA    NA   3.6   0.3   0.5   0.4   0.3   0.7   0.0   9.7   6.7   0.0   0.0   0.0   0.0   0.0   1.5   0.0   0.1   0.0   0.0   0.4   0.0    NA   0.0    NA   2.3  18.5   0.6   0.0   0.0   2.2   0.6   0.0   0.0   0.4   0.0   0.0
Apr-21    NA   5.1   4.2    NA   3.4   2.5   6.3    NA    NA   4.5   0.2   0.0   0.0   0.0    NA    NA   2.7   0.2   0.0   0.4   0.2   0.6   0.0   8.8   5.2   0.0   0.0   0.0   0.0   0.0   0.5   0.0   0.0   0.0   0.0   0.2   0.0    NA   0.0    NA   2.6  19.5   0.6   0.0   0.0   2.8   0.4   0.0   0.0   0.3   0.0   0.0
Apr-22    NA   3.7   3.9    NA   3.1   2.1   6.1    NA    NA   3.8   0.2   0.0   0.0   0.1    NA    NA   2.3   0.1   0.2   0.3   0.2   0.3   0.0   7.5   3.6   0.0   0.0   0.0   0.0   0.0   0.3   0.0   0.0   0.0   0.0   0.1   0.0    NA   0.0    NA   2.4  16.5   0.5   0.0   0.0   2.7   0.2   0.0   0.0   0.1   0.0   0.0
Apr-23    NA   2.3   3.7    NA   2.6   1.7   5.5    NA    NA   3.1   0.1   0.0   0.0   0.0    NA    NA   1.8   0.1   0.2   0.3   0.1   0.3   0.0   6.4   1.8   0.0   0.0   0.0   0.0   0.0   0.2   0.0   0.0   0.0   0.0   0.1   0.0    NA   0.0    NA   2.5  15.1   0.2   0.0   0.0   2.7   0.2   0.0   0.0   0.1   0.0   0.0
Apr-24    NA   1.8   3.2    NA   2.1   1.3   4.8    NA    NA   2.4   0.1   0.0   0.0    NA    NA    NA   1.6   0.0   0.1   0.2   0.1   0.2   0.0   5.0   1.8   0.0   0.0   0.0   0.0   0.0   0.0   0.0   0.0   0.0   0.0   0.0   0.0    NA   0.0    NA   1.9  17.7   0.4   0.0   0.0   2.6   0.1   0.0   0.0   0.1   0.0   0.0
Apr-25    NA   0.2    NA    NA   1.7   0.8   4.0    NA    NA   1.7   0.1   0.0   0.0    NA    NA    NA   1.2   0.0   0.1   0.1   0.0   0.0   0.0   4.7   1.8    NA   0.0   0.0   0.0   0.0   0.0   0.0   0.0   0.0   0.0   0.0   0.0    NA   0.0    NA   1.4  17.5   0.3   0.0   0.0   2.6   0.0   0.0   0.0   0.0   0.0   0.0
Apr-26    NA   0.7    NA    NA   1.3   0.2   3.3    NA    NA   0.8   0.0   0.0   0.0    NA    NA    NA   0.8   0.0   0.1   0.1   2.0   0.0   0.0   4.2   1.8    NA   0.0   0.0   0.0   0.0   0.0   0.0   0.0   0.0   0.0   0.0   0.0    NA   0.0    NA   1.1  17.0   0.3   0.0   0.0   2.3   0.0   0.0   0.0   0.0   0.0    NA
Apr-27    NA   0.6    NA    NA   0.0   0.2   2.6    NA    NA   0.7   0.0   4.0   0.0    NA    NA    NA   0.7   0.0   0.1   0.0   2.0   0.0   0.0   3.5   1.7    NA   0.0   0.0   0.0   0.0   0.0   0.0   0.0   0.0   0.0   0.0   0.0    NA   0.0    NA   1.1  15.1   0.0   0.0    NA   1.4   0.0   0.0   0.0   0.0   0.0    NA
Apr-28    NA   1.1    NA    NA   0.0   0.2   1.8    NA    NA   0.6   0.0   4.0    NA    NA    NA    NA   0.6    NA   0.0   0.0   1.5   0.0   0.0   2.7   1.3    NA   0.0   0.0   0.0   0.0   0.0   0.0   0.0   0.0   0.0   0.0   0.0    NA   0.0    NA   0.5  10.2   0.0   0.0    NA   0.8   0.0   0.0   0.0   0.0   0.0    NA
Apr-29    NA   1.6    NA    NA   0.0   0.1   1.1    NA    NA   0.5   0.0   3.0    NA    NA    NA    NA   0.4    NA   0.0   0.0   1.0   0.0   0.0   1.7   0.9    NA   0.0    NA   0.0   0.0   0.0   0.0   0.0   0.0   0.0   0.0   0.0    NA   0.0    NA   0.3  10.6   0.0   0.0    NA   0.7   0.0   0.0   0.0   0.0   0.0    NA
Apr-30    NA   2.0    NA    NA   0.0   0.1   0.0    NA    NA   0.4   0.0   2.0    NA    NA    NA    NA   0.3    NA   0.0   0.0   0.5   0.0   0.0   1.4   0.3    NA   0.0    NA   0.0   0.0   0.0   0.0   0.0   0.0   0.0   0.0   0.0    NA   0.0    NA   0.1   9.6   0.0   0.0    NA   0.6   0.0   0.0    NA   0.0   0.0    NA
May-01    NA   2.0    NA    NA   0.0   0.1   0.0    NA    NA   0.4   0.0   1.0    NA    NA    NA    NA   0.1    NA   0.0   0.0   0.5   0.0   0.0   0.9   0.3    NA   0.0    NA   0.0   0.0   0.0   0.0   0.0   0.0   0.0   0.0   0.0    NA   0.0    NA   0.0   6.5   0.0   0.0    NA   0.6   0.0   0.0    NA   0.0   0.0    NA
May-02    NA   0.0    NA    NA   0.0   0.0   0.0    NA    NA   0.3   0.0   1.0    NA    NA    NA    NA   0.1    NA    NA   0.0   0.0   0.0   0.0   0.7   0.3    NA   0.0    NA   0.0   0.0   0.0   0.0   0.0   0.0   0.0   0.0   0.0    NA   0.0    NA   0.0   7.4   0.0   0.0    NA   0.2   0.0   0.0    NA   0.0   0.0    NA
May-03    NA    NA    NA    NA   0.0   0.0   0.0    NA    NA   0.2   0.0   0.0    NA    NA    NA    NA   0.0    NA    NA   0.0   0.0   2.0   0.0   0.5   0.2    NA   0.0    NA   0.0   0.0   0.0   0.0   0.0   0.0   0.0   0.0   0.0    NA   0.0    NA   0.0   7.3   0.0   0.0    NA   0.4   0.0   0.0    NA   0.0   0.0    NA
May-04    NA    NA    NA    NA   0.0    NA   0.0    NA    NA   0.1    NA    NA    NA    NA    NA    NA   0.0    NA    NA   2.0   0.0   2.0   0.0   0.5   0.2    NA   0.0    NA    NA   0.0   0.0   0.0   0.0   0.0   0.0   0.0   0.0    NA   0.0    NA   0.0   6.9   0.0   0.0    NA   0.2   0.0   0.0    NA   0.0   0.0    NA
May-05    NA    NA    NA    NA    NA    NA   0.0    NA    NA   0.0    NA    NA    NA    NA    NA    NA   0.0    NA    NA   2.0   0.0   1.5   0.0   0.4   0.1    NA    NA    NA    NA   0.0   0.0   0.0   0.0    NA   0.0   0.0   0.0    NA   0.0    NA   0.0   3.4   0.0   0.0    NA   0.0   0.0   0.0    NA   0.0   0.0    NA
May-06    NA    NA    NA    NA    NA    NA   0.0    NA    NA   0.0    NA    NA    NA    NA    NA    NA   0.0    NA    NA   1.5    NA   1.0   0.0   0.4   0.1    NA    NA    NA    NA   0.0   0.0   0.0   0.0    NA   0.0   0.0   0.0    NA   0.0    NA   0.0   2.9   0.0    NA    NA   0.0   0.0   0.0    NA   0.0   0.0    NA
May-07    NA    NA    NA    NA    NA    NA   0.0    NA    NA   0.0    NA    NA    NA    NA    NA    NA   0.0    NA    NA   1.0    NA   0.5   0.0   0.4   0.0    NA    NA    NA    NA   0.0   0.0    NA   0.0    NA   0.0   0.0   0.0    NA   0.0    NA   0.0   4.1   0.0    NA    NA   0.0   0.0   0.0    NA   0.0   0.0    NA
May-08    NA    NA    NA    NA    NA    NA   0.0    NA    NA   0.0    NA    NA    NA    NA    NA    NA   0.0    NA    NA   0.5    NA   0.5   0.0   0.3   0.0    NA    NA    NA    NA   0.0   0.0    NA   0.0    NA    NA   0.0    NA    NA   0.0    NA   0.0   1.8   0.0    NA    NA   0.0   0.0   0.0    NA   0.0   0.0    NA
May-09    NA    NA    NA    NA    NA    NA   0.0    NA    NA   0.0    NA    NA    NA    NA    NA    NA    NA    NA    NA   0.5    NA   0.0   0.0   0.3   0.0    NA    NA    NA    NA   0.0   0.0    NA   0.0    NA    NA   0.0    NA    NA   0.0    NA   0.0   1.1   0.0    NA    NA   0.0   0.0   0.0    NA   0.0   0.0    NA
May-10    NA    NA    NA    NA    NA    NA   0.0    NA    NA   0.0    NA    NA    NA    NA    NA    NA    NA    NA    NA   0.0    NA   0.0   0.0   0.2   0.0    NA    NA    NA    NA    NA   0.0    NA    NA    NA    NA   0.0    NA    NA   0.0    NA   0.0   1.0   0.0    NA    NA   0.0   0.0   0.0    NA   0.0   0.0    NA
May-11    NA    NA    NA    NA    NA    NA   0.0    NA    NA   0.0    NA    NA    NA    NA    NA    NA    NA    NA    NA   0.0    NA   0.0    NA   0.1   0.0    NA    NA    NA    NA    NA   0.0    NA    NA    NA    NA   0.0    NA    NA   0.0    NA   0.0   0.2   0.0    NA    NA   0.0   0.0   0.0    NA   0.0   0.0    NA
May-12    NA    NA    NA    NA    NA    NA   0.0    NA    NA   0.0    NA    NA    NA    NA    NA    NA    NA    NA    NA    NA    NA   0.0    NA   0.1   0.0    NA    NA    NA    NA    NA   0.0    NA    NA    NA    NA   0.0    NA    NA   0.0    NA   0.0   0.0   0.0    NA    NA   0.0   0.0   0.0    NA   0.0   0.0    NA
May-13    NA    NA    NA    NA    NA    NA   0.0    NA    NA   0.0    NA    NA    NA    NA    NA    NA    NA    NA    NA    NA    NA   0.0    NA   0.0   0.0    NA    NA    NA    NA    NA   0.0    NA    NA    NA    NA   0.0    NA    NA   0.0    NA   0.0   0.0   0.0    NA    NA   0.0   0.0   0.0    NA   0.0   0.0    NA
May-14    NA    NA    NA    NA    NA    NA   0.0    NA    NA   0.0    NA    NA    NA    NA    NA    NA    NA    NA    NA    NA    NA    NA    NA   0.0    NA    NA    NA    NA    NA    NA   0.0    NA    NA    NA    NA   0.0    NA    NA    NA    NA   0.0   0.0   0.0    NA    NA   0.0   0.0   0.0    NA   0.0   0.0    NA
May-15    NA    NA    NA    NA    NA    NA    NA    NA    NA   0.0    NA    NA    NA    NA    NA    NA    NA    NA    NA    NA    NA    NA    NA   0.0    NA    NA    NA    NA    NA    NA   0.0    NA    NA    NA    NA   0.0    NA    NA    NA    NA   0.0   0.0   0.0    NA    NA   0.0   0.0   0.0    NA   0.0   0.0    NA
May-16    NA    NA    NA    NA    NA    NA    NA    NA    NA   0.0    NA    NA    NA    NA    NA    NA    NA    NA    NA    NA    NA    NA    NA   0.0    NA    NA    NA    NA    NA    NA   0.0    NA    NA    NA    NA    NA    NA    NA    NA    NA   0.0   0.0   0.0    NA    NA   0.0   0.0    NA    NA   0.0   0.0    NA
May-17    NA    NA    NA    NA    NA    NA    NA    NA    NA   0.0    NA    NA    NA    NA    NA    NA    NA    NA    NA    NA    NA    NA    NA   0.0    NA    NA    NA    NA    NA    NA   0.0    NA    NA    NA    NA    NA    NA    NA    NA    NA   0.0   0.0   0.0    NA    NA   0.0    NA    NA    NA   0.0   0.0    NA
May-18    NA    NA    NA    NA    NA    NA    NA    NA    NA    NA    NA    NA    NA    NA    NA    NA    NA    NA    NA    NA    NA    NA    NA   0.0    NA    NA    NA    NA    NA    NA   0.0    NA    NA    NA    NA    NA    NA    NA    NA    NA   0.0   0.0   0.0    NA    NA   0.0    NA    NA    NA   0.0   0.0    NA
May-19    NA    NA    NA    NA    NA    NA    NA    NA    NA    NA    NA    NA    NA    NA    NA    NA    NA    NA    NA    NA    NA    NA    NA   0.0    NA    NA    NA    NA    NA    NA   0.0    NA    NA    NA    NA    NA    NA    NA    NA    NA   0.0   0.0   0.0    NA    NA   0.0    NA    NA    NA   0.0    NA    NA
May-20    NA    NA    NA    NA    NA    NA    NA    NA    NA    NA    NA    NA    NA    NA    NA    NA    NA    NA    NA    NA    NA    NA    NA   0.0    NA    NA    NA    NA    NA    NA   0.0    NA    NA    NA    NA    NA    NA    NA    NA    NA   0.0   0.0   0.0    NA    NA   0.0    NA    NA    NA    NA    NA    NA
May-21    NA    NA    NA    NA    NA    NA    NA    NA    NA    NA    NA    NA    NA    NA    NA    NA    NA    NA    NA    NA    NA    NA    NA   0.0    NA    NA    NA    NA    NA    NA   0.0    NA    NA    NA    NA    NA    NA    NA    NA    NA   0.0   0.0   0.0    NA    NA   0.0    NA    NA    NA    NA    NA    NA
May-22    NA    NA    NA    NA    NA    NA    NA    NA    NA    NA    NA    NA    NA    NA    NA    NA    NA    NA    NA    NA    NA    NA    NA   0.0    NA    NA    NA    NA    NA    NA   0.0    NA    NA    NA    NA    NA    NA    NA    NA    NA   0.0   0.0   0.0    NA    NA    NA    NA    NA    NA    NA    NA    NA
May-23    NA    NA    NA    NA    NA    NA    NA    NA    NA    NA    NA    NA    NA    NA    NA    NA    NA    NA    NA    NA    NA    NA    NA   0.0    NA    NA    NA    NA    NA    NA   0.0    NA    NA    NA    NA    NA    NA    NA    NA    NA   0.0   0.0   0.0    NA    NA    NA    NA    NA    NA    NA    NA    NA
May-24    NA    NA    NA    NA    NA    NA    NA    NA    NA    NA    NA    NA    NA    NA    NA    NA    NA    NA    NA    NA    NA    NA    NA   0.0    NA    NA    NA    NA    NA    NA   0.0    NA    NA    NA    NA    NA    NA    NA    NA    NA   0.0   0.0   0.0    NA    NA    NA    NA    NA    NA    NA    NA    NA
May-25    NA    NA    NA    NA    NA    NA    NA    NA    NA    NA    NA    NA    NA    NA    NA    NA    NA    NA    NA    NA    NA    NA    NA   0.0    NA    NA    NA    NA    NA    NA   0.0    NA    NA    NA    NA    NA    NA    NA    NA    NA   0.0   0.0   0.0    NA    NA    NA    NA    NA    NA    NA    NA    NA
May-26    NA    NA    NA    NA    NA    NA    NA    NA    NA    NA    NA    NA    NA    NA    NA    NA    NA    NA    NA    NA    NA    NA    NA   0.0    NA    NA    NA    NA    NA    NA   0.0    NA    NA    NA    NA    NA    NA    NA    NA    NA   0.0   0.0   0.0    NA    NA    NA    NA    NA    NA    NA    NA    NA
May-27    NA    NA    NA    NA    NA    NA    NA    NA    NA    NA    NA    NA    NA    NA    NA    NA    NA    NA    NA    NA    NA    NA    NA   0.0    NA    NA    NA    NA    NA    NA   0.0    NA    NA    NA    NA    NA    NA    NA    NA    NA   0.0   0.0   0.0    NA    NA    NA    NA    NA    NA    NA    NA    NA
May-28    NA    NA    NA    NA    NA    NA    NA    NA    NA    NA    NA    NA    NA    NA    NA    NA    NA    NA    NA    NA    NA    NA    NA   0.0    NA    NA    NA    NA    NA    NA   0.0    NA    NA    NA    NA    NA    NA    NA    NA    NA   0.0   0.0   0.0    NA    NA    NA    NA    NA    NA    NA    NA    NA
May-29    NA    NA    NA    NA    NA    NA    NA    NA    NA    NA    NA    NA    NA    NA    NA    NA    NA    NA    NA    NA    NA    NA    NA   0.0    NA    NA    NA    NA    NA    NA   0.0    NA    NA    NA    NA    NA    NA    NA    NA    NA    NA   0.0   0.0    NA    NA    NA    NA    NA    NA    NA    NA    NA
May-30    NA    NA    NA    NA    NA    NA    NA    NA    NA    NA    NA    NA    NA    NA    NA    NA    NA    NA    NA    NA    NA    NA    NA   0.0    NA    NA    NA    NA    NA    NA    NA    NA    NA    NA    NA    NA    NA    NA    NA    NA    NA   0.0    NA    NA    NA    NA    NA    NA    NA    NA    NA    NA
May-31    NA    NA    NA    NA    NA    NA    NA    NA    NA    NA    NA    NA    NA    NA    NA    NA    NA    NA    NA    NA    NA    NA    NA   0.0    NA    NA    NA    NA    NA    NA    NA    NA    NA    NA    NA    NA    NA    NA    NA    NA    NA   0.0    NA    NA    NA    NA    NA    NA    NA    NA    NA    NA
Jun-01    NA    NA    NA    NA    NA    NA    NA    NA    NA    NA    NA    NA    NA    NA    NA    NA    NA    NA    NA    NA    NA    NA    NA    NA    NA    NA    NA    NA    NA    NA    NA    NA    NA    NA    NA    NA    NA    NA    NA    NA    NA    NA    NA    NA    NA    NA    NA    NA    NA    NA    NA    NA
Jun-02    NA    NA    NA    NA    NA    NA    NA    NA    NA    NA    NA    NA    NA    NA    NA    NA    NA    NA    NA    NA    NA    NA    NA    NA    NA    NA    NA    NA    NA    NA    NA    NA    NA    NA    NA    NA    NA    NA    NA    NA    NA    NA    NA    NA    NA    NA    NA    NA    NA    NA    NA    NA
Jun-03    NA    NA    NA    NA    NA    NA    NA    NA    NA    NA    NA    NA    NA    NA    NA    NA    NA    NA    NA    NA    NA    NA    NA    NA    NA    NA    NA    NA    NA    NA    NA    NA    NA    NA    NA    NA    NA    NA    NA    NA    NA    NA    NA    NA    NA    NA    NA    NA    NA    NA    NA    NA
Jun-04    NA    NA    NA    NA    NA    NA    NA    NA    NA    NA    NA    NA    NA    NA    NA    NA    NA    NA    NA    NA    NA    NA    NA    NA    NA    NA    NA    NA    NA    NA    NA    NA    NA    NA    NA    NA    NA    NA    NA    NA    NA    NA    NA    NA    NA    NA    NA    NA    NA    NA    NA    NA
Jun-05    NA    NA    NA    NA    NA    NA    NA    NA    NA    NA    NA    NA    NA    NA    NA    NA    NA    NA    NA    NA    NA    NA    NA    NA    NA    NA    NA    NA    NA    NA    NA    NA    NA    NA    NA    NA    NA    NA    NA    NA    NA    NA    NA    NA    NA    NA    NA    NA    NA    NA    NA    NA
