1973 1974 1975 1976 1977 1978 1979 1980 1981 1982 1983 1984 1985 1986 1987 1988 1989 1990 1991 1992 1993 1994 1995 1996 1997 1998 1999 2000 2001 2002 2003 2004 2005 2006 2007 2008 2009 2010 2011 2012 2013 2014 2015 2016 2017 2018 2019 2020 2021 2022 2023 2024
Nov-10    NA    NA    NA    NA    NA    NA    NA    NA    NA    NA    NA    NA    NA    NA    NA    NA    NA    NA    NA    NA    NA    NA    NA    NA    NA    NA    NA    NA    NA    NA    NA    NA    NA    NA    NA    NA    NA    NA    NA    NA    NA    NA    NA    NA    NA    NA    NA   0.1    NA    NA    NA    NA
Nov-11    NA    NA    NA    NA    NA    NA    NA    NA    NA    NA    NA    NA    NA    NA    NA    NA    NA    NA    NA    NA    NA    NA    NA    NA    NA    NA    NA    NA    NA    NA    NA    NA    NA    NA    NA    NA    NA    NA    NA    NA    NA    NA    NA    NA    NA    NA    NA   0.1    NA    NA    NA    NA
Nov-12    NA    NA    NA    NA    NA    NA    NA    NA    NA    NA    NA    NA    NA    NA    NA    NA    NA    NA    NA    NA    NA    NA    NA    NA    NA    NA    NA    NA    NA    NA    NA    NA    NA    NA    NA    NA    NA    NA    NA    NA    NA    NA    NA    NA    NA    NA    NA   0.1    NA    NA    NA    NA
Nov-13    NA    NA    NA    NA    NA    NA    NA    NA    NA    NA    NA    NA    NA    NA    NA    NA    NA    NA    NA    NA    NA    NA    NA    NA    NA    NA    NA    NA    NA    NA    NA    NA    NA    NA    NA    NA    NA    NA    NA    NA    NA    NA    NA    NA    NA    NA    NA   0.2    NA    NA    NA    NA
Nov-14    NA    NA    NA    NA    NA    NA    NA    NA    NA    NA    NA    NA    NA    NA    NA    NA    NA    NA    NA    NA    NA    NA    NA    NA    NA    NA    NA    NA    NA    NA    NA    NA    NA    NA    NA    NA    NA    NA    NA    NA    NA    NA   0.0    NA    NA    NA    NA   0.3    NA    NA    NA    NA
Nov-15    NA    NA    NA    NA    NA    NA    NA    NA    NA    NA    NA    NA    NA    NA    NA    NA    NA    NA    NA    NA    NA    NA    NA    NA    NA    NA    NA    NA    NA    NA    NA    NA    NA    NA    NA    NA    NA    NA    NA    NA    NA    NA   0.3    NA    NA    NA   0.1   0.5    NA    NA    NA    NA
Nov-16    NA    NA    NA    NA    NA    NA    NA    NA    NA    NA    NA    NA    NA    NA    NA    NA    NA    NA    NA    NA    NA    NA    NA    NA    NA    NA    NA    NA    NA    NA    NA    NA    NA    NA    NA    NA    NA    NA    NA    NA    NA    NA   0.2    NA    NA    NA   0.1   0.5    NA    NA    NA    NA
Nov-17    NA    NA    NA    NA    NA    NA    NA    NA    NA    NA    NA    NA    NA    NA    NA    NA    NA    NA    NA    NA    NA    NA    NA   0.0    NA    NA    NA    NA    NA    NA    NA    NA    NA    NA    NA    NA    NA    NA    NA    NA    NA    NA   0.2    NA    NA    NA   0.2   0.9    NA    NA    NA    NA
Nov-18    NA    NA    NA    NA    NA    NA    NA    NA    NA    NA    NA    NA    NA    NA    NA    NA    NA    NA    NA    NA    NA    NA    NA   0.0    NA    NA    NA    NA    NA    NA    NA    NA    NA    NA    NA    NA    NA    NA    NA    NA    NA    NA   0.5    NA    NA    NA   0.4   0.6    NA    NA    NA    NA
Nov-19    NA    NA    NA    NA    NA    NA    NA    NA    NA    NA    NA    NA    NA    NA    NA    NA    NA    NA    NA    NA    NA    NA    NA   0.0    NA    NA    NA    NA    NA    NA    NA    NA    NA    NA    NA    NA    NA    NA    NA    NA    NA    NA   0.5    NA    NA    NA   0.4   0.6    NA    NA   0.5    NA
Nov-20    NA    NA    NA    NA    NA    NA    NA    NA    NA    NA    NA    NA    NA    NA    NA    NA    NA    NA    NA    NA    NA    NA    NA   0.0    NA    NA    NA    NA    NA    NA    NA    NA    NA    NA    NA    NA    NA    NA    NA    NA    NA    NA   0.5    NA    NA    NA   0.5   0.7    NA    NA   0.1    NA
Nov-21    NA    NA    NA    NA    NA    NA    NA    NA    NA    NA    NA    NA    NA    NA    NA    NA    NA    NA    NA    NA    NA    NA    NA   0.0    NA    NA    NA    NA    NA    NA    NA    NA    NA    NA    NA    NA    NA    NA    NA    NA    NA    NA   0.7    NA    NA    NA   0.8   0.9    NA    NA   0.3    NA
Nov-22    NA    NA    NA    NA    NA    NA    NA    NA    NA    NA    NA    NA    NA    NA    NA    NA    NA    NA    NA    NA    NA    NA    NA   0.0    NA    NA    NA    NA    NA    NA    NA    NA    NA    NA    NA    NA    NA    NA    NA    NA    NA    NA   0.5    NA    NA    NA   1.0   0.9   0.2    NA   0.2    NA
Nov-23    NA    NA    NA    NA    NA    NA    NA    NA    NA    NA    NA    NA    NA    NA    NA    NA    NA    NA    NA    NA    NA    NA    NA   0.0    NA    NA    NA    NA    NA    NA    NA    NA    NA    NA    NA    NA    NA    NA    NA    NA    NA    NA   0.5    NA    NA    NA   0.8   1.3   0.2    NA   0.3    NA
Nov-24    NA    NA    NA    NA    NA    NA    NA    NA    NA    NA    NA    NA    NA    NA    NA    NA    NA    NA    NA    NA    NA    NA    NA   0.0    NA    NA    NA    NA    NA    NA    NA    NA    NA    NA    NA    NA    NA    NA    NA    NA    NA   0.5   0.3    NA    NA    NA   0.8   1.0   0.2    NA   0.3    NA
Nov-25    NA    NA    NA    NA    NA    NA    NA    NA    NA    NA    NA    NA    NA    NA    NA    NA    NA    NA    NA    NA    NA    NA    NA   0.0    NA    NA    NA    NA    NA    NA    NA    NA    NA    NA    NA    NA    NA    NA    NA    NA    NA   0.1   0.4    NA    NA    NA   0.7   1.0   0.2    NA   0.3   0.1
Nov-26    NA    NA    NA    NA    NA    NA    NA    NA    NA    NA    NA    NA    NA    NA    NA    NA    NA    NA    NA    NA    NA    NA    NA   0.0   0.0    NA    NA    NA    NA    NA    NA    NA    NA    NA    NA   0.0    NA    NA    NA    NA    NA   0.4   0.5    NA    NA    NA   0.6   1.0   0.2    NA   0.3   0.2
Nov-27    NA    NA    NA    NA    NA    NA    NA    NA    NA    NA    NA    NA    NA    NA    NA    NA    NA    NA    NA    NA    NA    NA    NA   0.0   0.0    NA    NA    NA    NA    NA    NA    NA    NA    NA    NA   0.0    NA    NA    NA    NA    NA   0.4   0.9   0.0    NA    NA   0.6   0.6   0.2   0.2   0.2   0.1
Nov-28    NA    NA    NA    NA    NA    NA    NA    NA    NA    NA    NA    NA    NA    NA    NA    NA    NA    NA    NA    NA    NA    NA    NA   0.0   0.0    NA    NA    NA    NA    NA    NA    NA    NA   0.0    NA   0.0    NA    NA    NA    NA    NA   0.5   1.0   0.0    NA    NA   0.7   0.6   0.2   0.1   0.3   0.3
Nov-29    NA    NA    NA    NA    NA    NA    NA    NA    NA    NA    NA    NA    NA    NA    NA    NA    NA    NA    NA    NA    NA    NA    NA   0.0   0.0    NA    NA    NA    NA    NA    NA    NA    NA   0.0    NA   0.0    NA    NA    NA   1.0   1.0   1.4   1.2   0.1    NA   0.4   0.8   0.5   0.2   0.1   0.2   0.4
Nov-30    NA    NA    NA    NA    NA    NA    NA    NA    NA    NA    NA    NA    NA    NA    NA    NA    NA    NA    NA    NA    NA    NA    NA   0.0   0.0    NA    NA    NA    NA    NA    NA    NA    NA   0.0    NA   0.0    NA    NA    NA   0.5   0.9   1.5   1.1   0.4    NA   0.4   0.8   0.5   0.2   0.2   0.1   0.4
Dec-01    NA    NA    NA    NA    NA    NA    NA    NA    NA    NA    NA    NA    NA    NA    NA    NA    NA    NA    NA    NA    NA    NA    NA   0.0   0.9    NA    NA    NA   0.4    NA    NA   0.4    NA   0.5    NA   0.0    NA    NA    NA   0.1   0.8   1.5   1.2   0.1    NA   0.5   0.8   0.5   0.3   0.2   0.2   0.7
Dec-02    NA    NA    NA    NA    NA    NA    NA    NA    NA    NA    NA    NA    NA    NA    NA    NA    NA    NA    NA    NA    NA    NA    NA   0.0   1.3   0.0    NA    NA   0.4    NA   1.1   0.6   0.3   0.5    NA   0.0    NA    NA   0.2   0.2   0.7   0.8   1.6   0.1    NA   0.7   0.8   1.0   0.3   0.1   0.3   0.7
Dec-03    NA    NA    NA    NA    NA    NA    NA    NA    NA    NA    NA    NA    NA    NA    NA    NA    NA    NA    NA    NA    NA   0.8    NA   0.0   1.7   0.0    NA   0.0   0.4   0.0   1.2   0.9   0.4   0.5    NA   1.1    NA    NA   0.3   0.1   0.5   0.8   1.3   0.0    NA   0.6   0.8   1.0   0.4   0.2   0.3   0.7
Dec-04    NA    NA    NA    NA    NA    NA    NA    NA    NA    NA    NA    NA    NA    NA    NA    NA    NA    NA    NA    NA    NA   0.6    NA   1.0   2.0   0.0    NA   0.0   0.4   0.0   1.3   0.8   0.4   0.5   0.6   1.3    NA    NA   0.4   0.1   0.5   0.8   1.5   0.0    NA   0.3   1.0   0.8   0.2   0.4   0.4   0.8
Dec-05    NA    NA    NA    NA    NA    NA    NA    NA    NA    NA    NA    NA    NA    NA    NA    NA    NA    NA    NA    NA    NA   0.6    NA   1.0   1.8   0.0    NA   0.0   0.3   0.0   1.4   0.8   0.4   0.5   0.7   1.6    NA    NA   0.4   0.4   0.4   1.6   1.6   0.0    NA   0.3   1.0   0.7   0.2   0.5   0.5   0.6
Dec-06    NA    NA    NA    NA    NA    NA    NA    NA    NA    NA    NA    NA    NA    NA    NA    NA    NA    NA    NA   4.1    NA   0.4    NA   1.1   1.6   0.0    NA   0.0   0.5   0.0   1.4   0.7   0.4   0.8   0.9   1.9    NA    NA   0.5   0.7   0.5   1.0   1.7   0.0    NA   0.3   1.2   0.7   0.4   0.5   0.5   0.5
Dec-07    NA    NA    NA    NA    NA    NA    NA    NA    NA    NA    NA    NA    NA    NA    NA    NA    NA    NA    NA   4.0    NA   0.6    NA   1.1   1.4   0.0    NA   0.0   0.8   0.0   1.4   0.7   0.5   1.0   1.0   1.7    NA   0.1   0.6   0.6   0.5   1.1   1.7   0.0    NA   0.5   1.8   0.8   0.4   0.6   0.8   0.5
Dec-08    NA    NA    NA    NA    NA    NA    NA    NA    NA    NA    NA    NA    NA    NA    NA    NA    NA    NA    NA   6.9    NA   0.8    NA   1.2   1.2   0.0    NA   0.0   0.9   0.0   1.3   0.7   0.5   1.1   1.0   1.6   1.2   0.1   0.8   0.5   0.5   1.2   1.5   0.0    NA   0.6   1.6   0.8   0.4   0.9   1.0   0.4
Dec-09    NA    NA    NA    NA    NA    NA    NA    NA    NA    NA    NA    NA    NA    NA    NA    NA    NA    NA    NA   7.1    NA   0.8   0.5   1.5   1.2   0.4    NA   0.0   1.1   0.1   1.4   0.8   0.5   1.1   1.0   1.4   1.2   0.3   1.0   0.5   1.1   2.1   1.3   0.0    NA   0.8   1.4   1.4   0.4   0.9   1.0   0.4
Dec-10    NA    NA    NA    NA    NA    NA    NA    NA    NA    NA    NA    NA    NA    NA    NA    NA    NA    NA    NA   7.0    NA   0.8   0.6   1.8   1.1   0.4    NA   0.1   1.3   0.1   1.3   0.9   0.6   1.1   1.0   1.1   1.2   0.4   1.0   0.5   1.1   2.8   1.7   0.0    NA   0.9   1.5   1.4   0.4   1.0   1.1   0.3
Dec-11    NA    NA    NA    NA    NA    NA    NA    NA    NA    NA    NA    NA    NA    NA    NA    NA    NA    NA    NA   6.9    NA   0.8   0.6   2.1   1.1   0.5    NA   0.1   1.5   0.2   1.3   1.0   0.6   1.1   1.0   1.5   1.2   0.6   1.1   0.5   0.6   3.8   1.6   0.0   0.3   1.0   1.7   1.4   0.4   1.0   1.0   0.3
Dec-12    NA    NA    NA    NA    NA    NA    NA    NA    NA    NA    NA    NA    NA    NA    NA    NA    NA    NA    NA   6.6    NA   0.9   0.8   2.4   1.0   0.5    NA   0.2   1.7   0.4   1.3   1.0   0.6   1.0   1.0   1.8   1.5   0.8   1.1   0.7   0.8   4.0   1.6   0.0   0.5   1.1   1.3   1.5   0.4   1.1   1.1   0.3
Dec-13    NA    NA    NA    NA    NA    NA    NA    NA    NA    NA    NA    NA    NA    NA    NA    NA    NA   1.5    NA   6.3    NA   0.9   0.8   2.6   1.0   0.5    NA   0.2   1.9   0.5   1.3   1.1   0.6   1.1   0.9   2.0   1.7   1.1   1.1   0.7   0.9   5.2   1.2   0.0   0.6   1.3   1.3   1.8   0.5   1.1   1.0   0.4
Dec-14    NA    NA    NA    NA    NA    NA    NA    NA    NA    NA    NA    NA    NA   3.8    NA    NA   0.9   2.0    NA   6.8   0.4   0.8   0.8   2.9   1.0   0.4    NA   0.3   2.0   0.4   1.4   1.1   0.8   1.2   0.8   2.0   1.9   1.3   1.1   0.7   0.8   5.2   1.2   0.0   0.7   1.7   1.0   1.8   0.7   1.0   1.0   0.8
Dec-15    NA    NA    NA    NA    NA    NA    NA    NA    NA    NA    NA    NA    NA   4.2    NA    NA   1.0   2.4    NA   7.2   0.4   0.8   0.8   3.1   1.0   0.4   0.2   0.6   2.0   0.4   1.5   1.1   1.0   1.4   0.8   2.0   2.1   1.4   2.0   0.8   1.3   5.8   1.1   0.0   0.8   1.9   0.9   2.0   0.8   0.9   0.9   0.6
Dec-16    NA    NA    NA    NA  14.4    NA    NA    NA    NA    NA    NA    NA    NA   4.5    NA    NA   1.1   2.5    NA   7.5   0.5   0.8   0.9   3.4   1.0   0.4   0.2   0.9   2.0   0.4   1.5   1.3   1.1   1.3   0.8   2.0   2.6   1.6   2.8   0.8   1.5   6.0   1.1   0.0   1.2   2.1   1.0   2.0   1.0   0.8   1.0   0.5
Dec-17    NA    NA    NA    NA  14.9    NA    NA    NA    NA    NA    NA    NA    NA   4.8    NA    NA   1.3   9.0    NA   7.9   0.5   0.8   0.8   3.6   1.1   0.5   0.2   1.2   2.0   0.3   1.5   1.4   1.2   1.3   0.8   1.9   3.0   1.7   2.2   1.1   1.3   7.2   1.1   0.1   1.2   2.2   1.2   1.9   0.9   0.7   1.0   0.5
Dec-18    NA    NA    NA    NA  15.2    NA   2.0    NA    NA    NA    NA    NA    NA   5.1    NA    NA   1.4  11.1    NA   8.4   0.6   0.6   0.8   3.9   1.2   0.5   0.2   1.1   2.0   0.5   1.5   1.5   1.2   1.3   0.8   2.1   3.4   1.7   2.7   1.1   0.7   4.1   1.5   0.1   1.4   1.7   1.2   2.3   1.0   0.8   1.0   0.5
Dec-19    NA    NA    NA    NA  15.5    NA   2.0    NA    NA    NA    NA    NA    NA   5.3    NA    NA   1.5  12.6    NA   8.6   0.5   0.5   0.8   3.7   1.1   0.6   0.4   1.1   2.0   0.7   1.5   1.4   1.3   1.3   0.8   2.3   3.5   1.6   2.6   0.8   0.9   4.9   2.6   0.1   2.1   1.5   1.2   2.4   1.1   0.7   1.0   0.8
Dec-20  12.4    NA    NA    NA  15.8    NA   2.1    NA    NA    NA    NA  10.3    NA   5.6    NA    NA   1.5  14.3    NA   8.7   1.0   0.3   0.9   3.5   1.0   0.7   0.5   1.0   2.0   0.8   1.4   1.4   1.3   1.3   0.9   2.4   3.6   1.6   3.8   0.8   1.0   6.7   2.4   0.5   2.3   1.6   1.2   2.8   1.1   0.9   1.1   0.8
Dec-21  15.3    NA    NA    NA  16.2   2.0   2.1    NA    NA   1.6   1.7  11.0    NA   5.8    NA    NA   1.4  16.0    NA   8.5   1.3   0.5   0.9   3.3   0.9   0.9   0.7   0.9   2.0   0.7   1.4   1.3   1.5   1.5   0.9   2.2   3.7   1.5   3.1   0.8   1.0   6.7   2.6   0.5   2.4   2.4   2.0   4.6   1.1   1.0   1.5   0.9
Dec-22  14.9    NA    NA    NA  16.4   3.2   2.2    NA    NA   1.7   1.8  11.3   1.8   7.2    NA    NA   1.5  17.9    NA   8.4   1.6   0.6   0.9   3.1   0.8   1.0   0.8   1.2   2.7   0.7   1.4   1.3   1.6   1.6   0.9   1.9   3.8   1.5   3.2   0.7   0.9   7.0   2.4   0.5   1.6   2.5   1.1   2.9   1.0   1.3   2.3   1.9
Dec-23  13.7    NA    NA   5.1  16.5   3.9   2.2    NA    NA   1.7   1.9  11.7   5.0   8.0    NA    NA   1.5  19.6    NA   8.3   2.0   0.9   1.0   3.1   1.0   1.1   1.0   1.4   3.4   0.6   1.3   1.8   1.8   1.6   0.9   1.6   4.6   1.5   1.7   0.7   1.0   7.2   1.5   0.4   1.2   2.2   1.4   2.3   0.9   1.5   1.8   0.9
Dec-24  13.3    NA    NA   5.7  18.5   4.8   2.2    NA   4.8   1.7   2.0  12.1   7.5   8.8    NA    NA   2.0  21.3    NA   8.9   2.2   1.1   1.0   3.1   1.1   1.5   1.1   1.6   4.1   0.4   1.4   2.3   2.2   1.6   0.9   1.2   5.3   1.4   2.0   0.8   0.9   5.7   1.4   0.7   1.2   2.1   1.6   1.9   1.1   1.6   2.1   0.7
Dec-25  12.1    NA    NA   5.4  19.7   5.5   2.2    NA   8.8   1.7   2.1  12.4   9.9   9.6    NA    NA   2.5  21.5    NA   8.5   2.4   1.4   1.0   3.1   1.2   1.9   1.3   1.6   4.8   0.7   1.4   2.8   2.5   1.5   0.9   1.5   6.0   1.4   2.0   0.8   1.1   7.7   1.4   0.6   1.2   2.2   1.6   2.1   1.5   1.6   2.5   0.8
Dec-26  10.9    NA    NA   6.0  20.9   6.3   3.4    NA  11.1   1.7   2.1  12.8  12.4  10.5    NA    NA   4.4  24.5    NA   8.3   3.3   1.6   1.1   3.3   1.7   2.3   1.5   1.6   4.7   0.9   1.5   2.4   2.8   1.5   1.0   1.8   5.2   1.4   1.7   0.8   1.6   6.2   1.5   0.5   1.2   4.4   1.6   2.1   1.6   1.4   2.8   0.6
Dec-27  10.5    NA    NA   6.6  22.1   7.1   4.0    NA  13.2   1.7   2.2  12.9  14.8  11.3   2.1    NA   5.0  27.2    NA   7.9   4.3   4.1   1.1   3.5   2.1   2.0   1.6   1.6   4.6   1.1   1.5   2.1   3.1   1.5   1.0   2.0   4.5   1.3   1.7   0.8   1.8   5.2   1.3   0.7   1.4   5.3   1.9   1.8   2.2   1.4   2.8   0.5
Dec-28   9.3    NA    NA   7.1  23.2   7.9   4.6    NA  15.6   1.7   3.4  14.4  17.3  12.0   2.1    NA   5.3  28.0   0.9   7.3   5.1   5.3   1.1   3.3   2.5   1.8   1.8   1.7   4.5   1.2   1.5   1.8   3.0   1.5   1.1   2.2   3.7   1.2   2.4   1.2   2.0   4.8   1.4   0.9   1.4   7.1   2.1   1.5   1.7   1.5   3.6   0.5
Dec-29  10.0    NA    NA   6.8  24.4   8.2   5.1    NA  17.7   1.6   4.1  15.3  17.6  12.2   2.0    NA   6.2  28.7   1.1   6.6   5.1   6.5   1.4   3.1   3.0   1.5   2.0   1.9   5.3   1.3   1.5   1.3   2.8   1.5   1.1   2.4   2.8   1.4   2.5   1.3   2.2   4.5   2.3   1.0   1.3  11.1   2.6   1.5   1.9   1.4   3.6   0.5
Dec-30  10.7    NA    NA   3.0  25.5   8.4   5.8    NA  20.0   2.6   4.8  16.2  17.7  12.1   2.0    NA   6.9  28.3   1.4   5.9   5.1   7.6   1.6   3.5   4.1   1.2   2.4   2.1   6.1   1.4   1.5   1.6   2.6   1.4   1.2   2.6   3.3   1.5   1.9   1.3   2.4  11.9   2.9   1.2   1.1   5.3   2.6   1.4   2.5   2.1   2.0   0.5
Dec-31  11.5   8.4    NA   3.6  27.0   8.5   6.4    NA  22.3   3.3   5.5  17.2  17.8  12.1   2.0    NA   7.4  27.5   1.6   6.2   5.1   8.7   1.7   4.0   5.1   1.5   2.7   2.4   6.9   1.4   1.9   1.8   2.6   1.4   1.2   2.7   3.8   1.6   2.0   1.5   1.8  13.9   4.6   1.4   1.1   6.5   3.1   1.4   1.5   2.1   2.4   0.4
Jan-01  12.2  12.4    NA   4.0  28.0   8.7   7.0    NA  24.3   4.1   6.2  18.1  18.0  12.0   1.9    NA   7.9  28.6   1.9   6.1   4.9   9.8   1.6   4.4   6.2   1.8   3.1   2.3   7.6   1.7   2.2   2.0   2.5   1.3   1.3   3.7   4.3   1.9   1.9   1.4   1.6  22.1   4.8   1.0   1.2   7.6   2.9   1.9   2.8   2.2   2.7   0.9
Jan-02  12.9  14.7   1.7   4.5  29.0   8.9   9.4   5.5  26.6   4.8   6.9  19.1  18.0  11.9   1.9    NA  10.1  29.2   2.1   6.2   4.7  10.9   1.7   4.5   6.1   2.0   3.0   2.1   7.2   1.8   2.5   2.0   2.4   1.2   1.2   4.5   4.8   2.2   1.8   1.4   2.2  30.2   3.9   1.1   1.1   9.8   4.3   1.9   2.9   2.2   2.2   0.9
Jan-03  15.5  17.3   2.3   4.9  29.9   9.1  10.7   5.5  28.8   5.6   7.6  19.9  18.1  11.9   1.8   1.7  12.2  29.8   2.2   6.1   4.4  12.0   2.2   4.6   6.1   2.0   2.9   1.9   6.6   2.0   2.5   2.0   2.2   1.3   1.1   5.2   5.1   2.4   3.0   2.5   2.8  16.5   7.4   1.2   1.1   9.1   4.5   1.9   2.3   4.4   2.1   0.8
Jan-04  17.4  19.7   2.5   5.4  30.9   9.1  12.1   5.3  31.1   6.3   7.2  18.3  18.2  11.6   5.4   5.3  14.2  30.7   2.2   5.8   4.9  13.0   2.5   5.6   6.0   2.1   2.8   1.8   6.1   2.0   2.5   2.0   3.1   1.4   1.1   4.3   5.4   2.7   2.8   1.5   1.8  18.0   6.6   1.2   1.1   8.6   2.8   1.5   2.0   3.5   1.8   0.9
Jan-05  20.0  22.3   2.9   5.8  31.9  10.1  13.5   5.2  33.2   9.1   6.7  16.5  18.2  12.4   5.4   7.9  16.4  31.5   2.7   5.4   5.9  13.7   2.8   6.5   5.9   2.0   2.7   2.3   6.3   2.1   2.5   1.9   3.8   1.5   1.0   1.2   5.7   2.9   2.8   1.7   1.8  18.4   7.9   1.2   2.7  12.3   2.2   1.6   1.9   2.7   1.7   1.1
Jan-06  22.6  24.6   3.3   6.2  32.7  10.7  14.9   5.0  35.5  11.0   6.2  14.9  19.1  12.7   4.4  10.5  18.5  33.5   9.1   5.7   6.9  15.0   3.2   7.7   5.7   2.1   4.2   2.7   6.6   2.1   2.4   3.5   4.5   1.8   0.9   1.3   6.1   2.7   3.5   1.7   2.2  23.6   8.0   1.3   3.9  12.8   1.9   1.7   1.7   2.4   3.2   1.4
Jan-07  25.2  27.2   3.7  11.7  38.1  11.4  16.3   4.9  37.7  13.0   5.8  13.2  19.7  13.0   3.4  13.0  20.0  35.4  10.9   5.9   6.8  16.3   3.5   9.4   5.5   2.3   5.6   3.2   6.8   2.0   2.6   4.8   4.7   2.0   0.8   1.4   6.4   3.1   2.6   1.7   2.1  30.1   9.2   1.3   5.0  16.4   1.9   1.6   2.1   4.4   3.7   1.4
Jan-08  27.1  29.6   3.9  13.4  42.2  12.0  17.7   4.8  36.6  14.9   5.3  11.6  20.2  13.3   2.5  15.6  21.6  34.5  13.3   6.3   6.6  16.8   3.8  10.9   5.3   2.4   7.0   3.0   6.9   2.9   2.7   6.1   4.7   2.2   0.8   1.2   6.7   3.4   3.2   1.4   1.3  33.6  12.9   1.0   4.9  15.2   2.1   1.7   3.4   6.8   3.8   1.7
Jan-09  26.4  32.2   3.4  14.3  46.3  12.7  23.7   4.5  35.2  16.9   4.8   9.8  20.8  13.6   2.4  18.2  20.0  32.5  15.6   6.8   8.4  17.2   4.1  12.3   5.0   2.6   7.3   2.8   6.9   3.8   2.9   6.2   4.8   2.5   0.9   1.3   7.8   3.5   4.5   1.5   1.3  37.1   6.5   1.2   6.5   8.6   2.9   1.7   2.8   3.4   3.5   1.4
Jan-10  26.9  34.5   5.1  15.1  50.1  13.3  28.2   4.5  33.8  18.9   4.3   7.3  21.3  13.8   1.4  20.8  21.8  30.5  16.6   7.3  10.0  17.7   4.4  13.8   4.8   3.1   7.6   2.6   6.6   4.6   3.5   6.3   4.7   2.3   1.0   1.4   8.8   2.5   6.4   1.2   1.5  29.3  11.2   1.4   6.5   7.8   2.6   2.0   2.0   3.4   2.5   1.3
Jan-11  25.3  34.1   6.1  16.0  54.2  13.9  32.7   4.4  32.4  20.8   3.3  13.1  21.9  13.9   2.2  20.5  23.7  28.5  17.6   7.8  11.2  19.4   4.8  15.2   4.6   3.5   7.9   2.4   6.4   3.9   4.2   6.3   6.2   2.1   1.1   1.1   9.7   3.4   7.3   1.2   1.1  25.8  13.6   3.0   8.3   7.8   4.3   3.4   2.0   7.1   2.6   1.3
Jan-12  23.1  33.5   6.9  17.7  58.0  16.0  37.2   4.4  31.0  24.0   4.5  17.2  22.2  15.8   2.8  20.1  22.0  26.4  19.9   8.4  12.4  20.7   4.8  16.7   4.4   3.8   8.2   3.8   7.0   3.2   4.9   6.2   7.4   1.9   1.4   1.2  10.6   4.3   7.5   1.3   1.1  14.6  15.0   2.9   6.8   7.9   2.9   5.5   1.6   5.9   2.4   1.3
Jan-13  20.9  32.9   7.7  18.5  60.7  17.4  41.7   4.3  29.6  26.2   5.3  21.1  23.1  17.0   3.5  19.7  20.4  24.4  22.0   9.3  13.6  23.2   5.0  13.6   4.8   4.3  10.5   5.1   7.6   2.5   5.6   7.7   8.7   1.8   1.6   1.3  14.9   4.7   4.8   1.8   1.5  17.6  17.6   3.8   6.4  14.4   4.7   5.6   1.7   6.9   2.2   1.8
Jan-14  18.7  32.1   8.5  17.6  62.6  19.0  46.2   4.2  27.4  28.5   6.1  25.1  23.7  18.1   4.2  19.2  19.5  21.7  24.5  10.3  13.7  25.7   5.2  10.5   5.3   6.6  12.8   6.5   8.3   1.8   5.5   8.8   8.9   1.7   1.8   1.4  18.5   5.0   6.5   1.8   1.7  25.9  19.3   5.0   5.9  19.6   4.7   3.8   1.7   5.5   3.7   1.9
Jan-15  17.1  31.5   9.5  16.8  64.5  20.5  50.7   4.2  27.0  30.7   6.9  29.0  24.3  19.3   4.9  18.8  18.0  23.4  25.3  11.2  13.7  28.3   5.3   7.4   5.7   8.8  15.2   6.2   8.9   2.1   5.5  10.0   9.0   1.6   1.9   1.7  22.1   4.6   7.6   3.2   1.8  26.8  19.7   6.4   7.8  21.8   4.7   3.5   1.5   9.5   3.3   3.0
Jan-16  14.5  31.0  10.3  15.9  66.4  22.1  49.9   3.9  26.4  33.0   7.6  33.2  24.9  20.4   5.5  18.4  19.4  24.5  26.1  12.3  13.4  30.8   5.4   7.0   7.0  11.1  12.4   5.9   7.4   2.4   5.5   9.3   9.0   1.4   2.9   2.4  25.5   4.2   7.0   2.9   2.1  26.7  10.1   5.8   7.8  23.8   4.2   3.7   1.2   8.1   2.7   4.0
Jan-17  14.8  29.8  11.3  15.0  68.4  23.6  49.1   4.3  25.8  35.2   8.4  37.1  25.5  21.6   5.4  17.7  20.0  22.3  26.4  13.3  12.9  33.3   5.4   6.6   8.1   9.8   9.7   5.6   5.9   2.8   6.1   8.6   8.9   2.1   3.7   3.0  28.2   3.8   8.7   1.6   2.4  29.0  13.5   7.2   7.8  16.5   5.1   9.9   1.2   5.3   2.3   4.8
Jan-18  14.3  28.0  12.3  14.1  70.3  25.0  48.3   4.5  25.2  37.5   9.2  41.0  26.1  22.7   7.3  17.6  20.5  22.2  26.6  14.0  13.1  35.7   5.4   6.7   9.3   8.6   7.0   5.3   4.4   3.0   6.7   7.9  11.0   2.6   4.5   2.6  30.7   3.4   7.9   3.6   2.6  29.0  11.6   3.9   6.5  15.1   6.3   8.8   1.5   6.5   2.0   5.1
Jan-19  13.8  26.4  13.4  13.3  72.0  24.6  47.6   4.7  24.7  36.5  11.2  37.7  26.6  23.1   8.5  17.3  20.0  22.2  26.9  14.8  13.2  37.3   5.4   6.9  10.5   7.4   4.3   6.1   5.5   3.2   7.3   6.8  12.7   3.1   4.6   4.3  33.2   2.9   5.6   3.8   5.2  29.9  14.3   6.4   5.2  14.2  10.6   7.5   1.6   5.8   1.9   6.6
Jan-20  13.2  24.7  14.3  12.4  74.0  23.8  46.8   4.9  24.1  35.2  12.3  34.4  28.6  23.4   9.9  17.1  19.3  25.3  27.1  15.9  13.2  42.5   5.4  12.2  11.4   6.1   4.4   7.0   6.6   3.4   7.8   9.9  14.3   2.8   4.6   6.0  31.7   4.6  11.3   5.5   5.6  52.7  18.5   8.8   3.8   8.3   9.7   6.3   4.4   8.3   3.0   5.2
Jan-21  12.6  22.8  15.4  14.5  75.2  23.1  45.9   5.1  23.1  33.8  13.3  31.2  29.9  23.6  11.3  16.8  20.4  28.4  29.4  17.0  13.4  47.4   5.4  17.2  12.5   6.7   4.6   7.8   7.6   3.6   8.9  12.5  14.5   2.6   4.5   7.6  30.0   6.1  10.4   5.8   4.5  57.8  19.5   8.6   3.6   8.9  14.6   7.4   1.7  12.5   2.7   6.0
Jan-22  12.2  21.2  16.4  15.9  76.7  22.4  44.4   5.3  24.5  32.6  14.4  27.8  31.2  23.8  12.7  16.6  21.4  30.6  32.4  18.1  13.5  48.4   5.5  22.5  13.4   7.2   4.8   7.6   8.7   3.3   9.9  15.1  14.8   2.3   4.5   2.9  28.1   5.2  12.2   8.2   6.8  57.2  20.3   6.9   3.2   8.9  18.2   7.4   2.0  13.8   3.7   7.1
Jan-23  11.5  18.6  17.3  18.0  78.2  21.7  45.8   5.5  25.4  31.3  15.5  24.5  32.5  24.1  13.9  16.3  21.0  30.9  35.4  19.4  13.8  49.3   5.4  23.2  14.8   7.8   4.8   7.3   8.3   2.9  10.9  16.9  14.9   1.9   5.4   5.1  34.9   4.3  10.4   6.5   9.1  57.6  13.3   7.5   2.9   8.6  12.4   7.4   3.9   9.5   4.3   5.5
Jan-24  13.0  18.6  17.6  20.2  79.8  21.0  46.4   5.7  26.3  29.9  16.6  20.2  34.0  24.3  14.2  15.8  20.5  31.1  38.8  20.6  13.9  50.3   5.8  23.7  16.1   7.5   4.8   7.1   8.0   2.5  12.5  18.7  14.8   2.0   6.1   7.2  40.3   3.5  16.3   4.8   7.8  40.1  12.3   6.2   2.8  12.9  11.7   5.1   6.3  11.3   2.9   5.6
Jan-25  14.6  18.5  17.5  22.3  81.0  20.0  47.3  10.9  27.2  28.0  17.4  23.2  35.2  24.1  14.5  15.3  20.0  31.9  42.3  21.5  13.1  53.5   6.0  22.8  17.7   7.5   4.8   6.8   7.7   2.8  14.3  20.6  14.7   2.0   6.8   2.7  45.5   2.4  15.2   5.1  10.8  50.0  16.3   5.2   2.8  17.6  14.9   4.1   4.0  12.8   3.3   4.4
Jan-26  16.1  18.4  17.7  23.7  82.4  19.9  48.1  14.6  28.1  30.6  18.4  25.2  36.4  27.5  14.1  14.7  21.6  32.7  48.0  22.3  12.3  55.3   6.1  21.7  19.0   7.3   4.9  10.7   8.0   3.1  15.9  22.1  14.5   2.1   7.1   4.7  50.8   2.9  11.1   6.3  10.0  52.8  25.1   5.3   2.8  22.1  27.1   4.2   4.0  17.3   2.9   4.0
Jan-27  17.6  18.3  17.9  22.1  82.4  19.6  49.1  18.5  29.0  32.7  18.4  27.1  38.2  29.8  14.2  14.1  23.1  32.5  53.8  22.3  11.6  57.9   6.2  21.4  17.1   7.1   5.2  14.6   8.5   3.3  17.5  24.3  14.1   2.0   7.3   6.5  54.0   3.4  12.5   2.6  12.3  69.4  26.5   5.3   2.8   9.1  21.6   3.7   4.5  11.1   5.3   4.2
Jan-28  19.1  18.2  18.1  23.4  82.3  19.3  49.8  22.1  29.7  34.6  18.5  29.1  39.3  32.2  14.3  13.5  18.8  32.1  58.9  23.3  10.3  60.3   6.3  21.0  15.1   7.2   5.5  18.5   8.8   3.6  20.3  26.0  14.5   2.0   7.5   8.3  57.0   3.9   9.5   2.6   8.2  73.2  30.0   5.2   3.0   6.4  36.2   3.0   6.8  13.8   4.6   3.9
Jan-29  20.6  18.1  18.0  24.1  81.9  19.1  50.4  26.0  39.7  36.6  18.6  31.0  40.3  34.6  13.8  12.9  14.1  31.6  55.4  24.1   8.9  67.8   6.4  20.7  13.4   7.3   5.9  15.9   9.2   4.4  23.1  27.7  14.7   1.9   7.5   3.9  59.8   4.3  10.3   2.4   8.0  76.1  27.8   5.2   3.6  11.0  39.8   3.2  10.2  17.9   6.0   3.4
Jan-30  22.1  18.0  16.4  24.7  81.9  18.7  53.3  29.6  46.9  38.5  18.8  33.1  41.3  37.0  14.0  12.3  11.8  31.4  51.2  23.9   7.3  75.1   6.5  21.8  17.2   7.3   6.1  13.2   8.5   5.2  25.8  30.5  14.8   1.8   8.4   6.9  57.2   5.2  15.2   5.5   6.3  69.1  16.4   4.9   5.0  15.3  36.3   3.4  12.4  24.2   6.3   3.0
Jan-31  20.8  17.6  18.2  25.5  81.6  18.4  55.3  36.1  54.1  40.5  18.8  35.0  42.4  39.4  13.5  11.4  13.1  31.3  61.2  23.6   5.2  82.5   6.8  22.9  21.7   7.8   6.3  10.6   7.8   6.0  26.1  33.4  14.8   2.0   9.0   9.9  54.5   5.6  16.5   6.5   4.0  77.9  18.0   2.9   5.3  22.1  49.2   9.8   7.2  25.0   8.2   2.8
Feb-01  19.6  21.4  19.3  26.1  81.6  17.8  57.3  40.3  61.0  42.5  18.6  36.8  43.5  41.6  11.0  16.3  14.4  33.6  70.4  25.0   4.7  85.9   6.9  35.5  25.8   8.3   6.5   7.8   7.1   5.4  26.3  36.1  14.5   2.2   9.6   2.8  51.6   6.1  18.6   3.4   6.7  82.0  22.1   2.2   5.1  15.7  58.2   9.1   6.7  19.5   9.2   2.7
Feb-02  18.3  23.8  20.5  26.8  81.1  21.5  59.5  44.6  68.2  44.2  19.1  43.3  44.4  44.4  10.8  19.9  17.4  35.8  72.6  25.9   5.1  89.4   7.1  47.9  29.9   8.8   6.8   9.0   8.0   4.8  26.4  38.6  14.1   2.4  11.4   4.9  48.5   8.3  24.8   3.5  13.0  84.2  44.8   2.9   5.0  21.8  47.1   4.6   6.8  10.3   8.8   3.4
Feb-03  17.1  26.4  21.6  27.2  82.7  23.9  61.5  48.8  75.4  50.2  19.3  47.9  51.0  46.3  10.6  23.4  20.2  36.0  74.6  27.8   5.4  89.8   7.2  61.0  34.7   9.3   6.1  10.1   9.3   4.2  26.5  39.1  13.5   2.3  13.0   6.9  56.3  10.2  20.5   3.5  15.5  91.7  41.7   3.3   6.5  38.0  38.6   2.6   5.8  16.4   8.3   5.0
Feb-04  15.8  29.2  22.8  28.0  84.3  26.4  63.5  53.1  82.6  54.5  19.5  52.7  55.8  48.0  10.3  26.7  22.5  35.8  70.8  24.9   5.3  90.1   7.2  74.3  39.4   9.2   5.4  11.3  10.3   3.5  25.7  39.4  11.8   2.2  14.5   8.8  63.7  11.9  15.0   3.5  13.2  92.2  42.1   4.8   6.9  45.5  40.4   2.6   6.7  26.9  15.1   4.7
Feb-05  14.6  31.8  23.9  28.4  85.8  28.7  65.4  57.4  83.1  58.8  19.7  57.3  60.5  49.8  10.0  30.2  24.7  36.0  53.9  22.0   5.3  91.9   7.1  87.4  44.2   9.1   4.6  11.0  11.3   3.8  24.8  39.3  10.0   2.1  15.8   3.3  71.0  11.9  10.4   3.1  23.0  93.6  55.9   4.7   5.8  48.4  40.9   4.9   3.6  36.6  14.5   3.1
Feb-06  13.4  34.3  24.9  28.8  87.2  31.2  69.6  61.5  83.3  62.8  20.0  62.0  65.2  51.5   9.8  33.7  26.0  35.2  36.4  21.9   5.9  93.8   6.9  84.3  41.9   9.0   4.5  10.8  11.3   4.1  23.9  40.0   8.3   2.0  17.1   5.8  68.9  11.8   6.5   2.6  19.5  86.5  41.2   4.7   5.4  52.7  46.5   4.4   5.5  34.3  14.0   2.8
Feb-07  15.4  36.7  31.8  29.1  88.7  33.7  72.9  62.1  83.7  67.1  20.2  66.7  70.0  53.4   9.2  37.1  25.6  34.5  30.4  21.8   6.6  95.7   8.6  81.7  40.3   8.4   4.3  10.5  11.3   4.3  23.8  40.4   6.5   3.1  17.9   8.2  67.0  11.6   8.3   2.7  19.8  86.5  43.3   3.8   6.0  54.6  50.7   7.2   7.8  18.3  11.1   2.6
Feb-08  16.7  43.4  37.4  29.5  90.3  36.1  76.4  62.2  84.0  71.5  20.2  71.4  74.8  54.8   9.3  42.9  25.2  34.7  23.9  22.3   7.5  95.9  10.1  76.3  38.2   7.8   4.1  10.3  11.3   4.3  23.8  40.5   6.0   4.0  18.8   3.3  64.6  11.2   9.1   2.7  17.7  89.0  41.7   3.1   6.9  55.7  67.4   9.1   9.3  25.7   7.8   2.3
Feb-09  18.8  48.3  43.1  29.9  91.8  38.8  79.8  62.5  84.4  75.7  19.7  65.8  79.4  57.4   9.1  46.9  23.5  34.8  18.0  22.8   8.9  96.1  11.3  70.9  36.1   7.1   3.9  10.0  15.5   4.2  23.5  40.4   5.6   5.0  20.8   5.8  61.8  11.5  16.8   3.0  27.4  89.0  53.9   5.4   7.4  67.5  64.3   8.3  11.4  25.4   8.0   1.9
Feb-10  20.8  53.2  48.8  30.0  92.4  40.4  83.3  62.6  84.6  76.0  18.9  60.1  79.0  58.9   9.0  51.1  21.6  33.4  10.4  23.9  10.1  95.9  12.4  65.9  36.0   6.6   3.7   9.7  19.6   4.2  23.0  42.9   5.2   4.8  23.0   8.2  60.4  11.6  13.4   3.0  24.5  95.3  54.5   6.2   7.5  69.8  71.9  12.5  12.2  15.9   5.8   1.8
Feb-11  22.8  57.9  54.6  30.6  92.9  42.3  86.6  62.9  84.7  76.1  18.4  54.5  78.0  60.7   8.9  54.9  21.8  31.9  11.9  24.0  10.2  95.8  13.1  60.9  35.6   7.0   3.4   9.3  23.6   4.1  27.7  44.6   5.4   4.6  24.9  10.6  58.7  11.8  26.0   2.7  10.9  94.7  63.3   8.1   7.5  77.2  70.8   9.8  15.0  19.8   7.7   1.7
Feb-12  24.1  62.8  60.1  31.0  93.6  44.1  90.0  63.0  84.1  75.8  17.7  48.9  77.3  62.2   8.7  59.1  21.6  31.8  13.6  24.3  10.3  95.8  13.8  54.5  35.1   7.4   3.3  12.9  27.6   4.4  31.8  46.3   5.8   4.3  26.5   5.9  56.5  12.0  28.2   3.5  10.1  91.0  55.8  11.3   8.2  71.4  66.3   9.7  23.0  18.4   5.5   2.3
Feb-13  22.4  67.7  64.9  31.3  94.2  46.0  91.3  62.7  83.6  75.9  17.0  43.2  76.6  64.1   8.6  63.1  24.8  32.0  15.2  24.9  10.6  95.7  14.4  62.2  39.2   7.8   3.9  16.3  25.8   4.6  35.9  40.7   6.1   4.0  33.5  11.1  62.4  12.1  19.7   5.1   9.4  87.2  70.1  15.1   5.1  67.0  64.8  11.0  28.8  38.0   5.4   2.3
Feb-14  25.2  72.6  60.6  31.6  95.0  47.7  92.0  62.6  82.9  75.6  15.6  37.6  75.9  65.6   8.3  67.2  26.1  32.1  20.2  25.6  11.0  95.7  14.0  68.7  43.3   7.0   4.4  19.8  24.0   4.9  48.3  35.2   6.3   5.8  39.5  16.2  67.4  12.3  14.6   5.8  11.7  91.1  67.4  22.7   4.9  65.7  69.3  17.6  31.3  45.7   4.9   2.7
Feb-15  27.1  73.0  56.3  31.9  95.4  48.9  92.9  62.3  82.3  75.5  16.0  30.4  74.9  67.2   9.8  67.3  27.2  34.3  25.4  25.8  15.9  94.8  13.4  75.7  47.3   6.3   5.0  23.2  22.1   4.8  61.0  29.3   6.0   7.3  45.4   4.1  72.1  12.2  10.7   5.4  10.8  91.1  74.2  17.7   4.3  62.3  65.6  18.0  33.0  43.6   4.7   2.1
Feb-16  29.0  73.0  51.9  32.3  96.0  55.6  93.8  62.0  81.6  75.5  16.2  28.9  73.9  71.6   9.7  67.2  31.0  36.5  30.1  26.0  19.5  94.2  14.1  82.4  51.2   5.4   5.6  26.7  21.8   4.6  72.9  22.3   5.8   8.7  45.1   7.3  76.9  10.9  15.3   4.4  14.1  91.0  85.0  16.7   7.6  67.2  63.9  13.4  44.4  37.7   4.2   2.2
Feb-17  30.8  73.1  47.6  32.3  95.9  60.4  95.0  61.9  81.1  74.9  16.4  27.5  74.9  74.9   9.3  67.0  34.5  37.6  34.8  26.1  23.1  92.6  14.8  86.8  53.8   4.7   6.2  30.0  21.5   4.4  85.4  33.4   5.4   8.4  44.7  10.4  75.1   9.5  10.7   4.3  38.6  95.2  88.9  10.1  10.0  53.6  75.1  22.6  41.7  32.4   8.0   2.2
Feb-18  32.8  73.1  43.3  30.8  95.9  65.3  95.8  61.7  80.0  72.2  16.6  26.0  75.5  78.0   8.9  66.8  35.7  38.4  39.2  25.8  29.9  91.2  14.0  91.0  56.3   4.1   6.7  33.5  21.1   4.2  77.2  42.7  10.3   8.0  43.8  13.8  73.2   7.9   7.6   2.7  35.8  91.8  91.6  14.4   8.2  52.6  76.9  20.5  46.4  41.5   9.5   2.6
Feb-19  34.7  73.2  39.0  29.1  95.8  70.1  96.5  61.3  76.3  69.4  16.7  24.6  76.2  81.1   8.5  66.6  36.7  38.6  39.3  25.5  36.7  89.7  13.3  95.5  58.9   3.6   7.3  30.6  20.7   4.0  69.2  52.2  14.2   7.5  42.9   9.5  71.1  13.4   6.1   2.8  18.9  90.9  91.7  16.5   4.2  52.9  80.7  19.5  50.6  36.2   9.8  12.0
Feb-20  36.6  73.3  32.7  27.4  95.8  75.0  96.5  60.5  72.6  66.7  16.9  23.0  76.8  84.3   8.4  66.5  36.5  39.0  39.3  22.8  44.7  88.3  12.4  87.2  60.6   3.0  10.1  27.8  21.9   3.8  61.1  45.8  18.1   6.7  40.1  18.1  72.4  18.1  12.4   5.4  13.3  82.8  93.8  15.9   4.2  60.5  81.5  20.3  48.9  35.8   6.0   4.2
Feb-21  42.8  72.7  31.0  25.7  95.8  79.8  96.6  60.0  68.7  63.6  17.1  21.7  77.5  87.5   7.9  66.0  38.3  39.3  41.3  19.9  52.7  86.7  12.6  78.3  62.4   3.0  12.9  24.8  23.0   3.6  66.9  39.3  22.0   7.3  37.1  26.8  73.5  22.7  15.8   4.8  16.1  85.5  93.5   3.9   5.4  65.6  83.1  18.3  48.1  30.6   7.3   3.3
Feb-22  47.3  73.2  29.3  24.0  95.8  84.5  96.7  59.4  65.0  60.9  17.3  18.7  78.1  90.7   7.8  63.3  40.1  36.6  43.3  21.8  59.2  89.6  12.6  77.1  64.1   3.0  15.5  21.8  24.1   3.5  72.7  32.8  25.4   7.5  33.9   7.6  74.4  27.3  14.3   2.6  18.0  78.6  95.0   6.1   5.4  67.1  80.2  11.2  40.2  38.9   7.9   3.7
Feb-23  51.8  73.4  27.5  22.3  95.7  86.1  96.8  58.7  61.2  57.0  17.2  22.0  78.7  89.8   7.5  60.3  44.8  33.8  49.9  23.3  58.4  92.4  13.6  75.6  65.8   2.9  18.3  19.4  23.8   3.5  78.0  25.4  28.1   7.8  30.4  16.1  75.0  21.5  23.3   2.3  16.3  88.8  95.5   6.7   4.4  68.0  76.8   7.6  35.7  41.0   8.4   2.8
Feb-24  56.4  73.4  25.8  19.8  95.4  87.2  97.0  57.9  57.4  61.6  16.3  23.5  79.6  88.8   7.4  57.4  49.3  36.7  56.2  25.1  57.7  92.8  14.6  72.2  61.6   3.0  16.1  17.0  23.6   3.5  83.6  28.1  30.7   7.9  27.4  23.6  75.9  15.7  17.1   2.2  19.6  91.7  93.0   5.8   3.8  74.6  77.7   7.2  29.2  53.7  19.8   3.8
Feb-25  60.9  73.5  24.1  21.8  95.0  88.2  97.1  57.2  51.9  64.7  15.3  25.2  80.0  87.8   7.4  54.6  50.4  39.1  65.1  23.9  62.8  93.2  15.9  68.8  57.4   2.9  14.0  14.5  23.2   3.4  86.5  30.2  30.4   8.1  23.4  31.6  77.0   9.1  11.4   2.2  15.8  95.5  94.7   5.9   3.1  74.9  75.8   6.9  26.8  63.9  19.3   2.5
Feb-26  65.4  73.6  22.3  23.2  94.7  89.3  97.1  56.6  57.3  67.8  14.3  26.7  80.4  86.9   7.3  51.7  51.4  46.7  70.9  22.5  67.8  93.9  17.2  64.8  53.0   2.7  11.8  13.1  22.9   3.8  89.0  32.1  29.7   8.0  19.4  10.0  78.1   8.8  15.2   2.4  17.4  91.2  95.5   5.2   4.1  61.3  76.6   7.6  25.9  63.1  10.7   2.0
Feb-27  69.8  73.8  19.6  24.6  94.4  90.5  95.2  55.4  61.1  71.2  13.1  28.4  80.8  86.0   6.9  48.8  53.7  51.1  76.6  22.0  72.2  94.8  18.5  79.5  59.4   2.6  10.8  11.8  30.7   4.1  91.9  31.2  28.9   8.0  20.0  20.0  82.4   8.6  25.1   4.3  11.8  91.2  95.6   4.4   3.1  57.5  85.3   8.2  15.9  43.5  12.3   1.9
Feb-28  67.9  73.6  19.9  26.0  94.2  91.6  93.7  59.9  65.0  73.9  12.1  29.9  81.2  85.0   4.6  44.3  54.5  55.4  78.9  21.5  76.6  95.5  21.3  93.2  65.2   2.4   9.7  10.4  38.3   4.4  92.8  30.3  27.5  11.3  19.8  29.6  86.0   8.3  20.8   4.3  10.2  95.6  95.7   3.5   3.1  56.5  86.1  11.5  12.2  48.4  11.8   1.7
Feb-29    NA    NA    NA  27.3    NA    NA    NA  62.9    NA    NA    NA  31.4    NA    NA    NA  45.4    NA    NA    NA  22.8    NA    NA    NA  95.6    NA    NA    NA   9.0    NA    NA    NA  29.2    NA    NA    NA   9.2    NA    NA    NA   4.7    NA    NA    NA  11.5    NA    NA    NA  14.0    NA    NA    NA   4.0
Mar-01  65.7  71.0  19.8  28.8  93.9  92.5  92.0  65.8  68.8  77.4  10.4  41.4  81.7  83.8   4.5  45.4  55.4  57.5  81.4  23.8  77.2  95.1  23.8  97.7  70.8   2.3   8.4   7.5  46.2   5.3  93.7  27.3  29.1  14.0  19.6  19.3  89.6   8.0  21.3   2.6   7.8  90.8  94.2  12.1   3.6  57.1  84.0  12.2   7.8  59.0  11.2   5.1
Mar-02  63.7  68.2  19.7  29.9  93.4  91.1  90.6  68.7  72.8  80.4  10.2  49.2  81.9  83.7   4.4  45.6  59.6  59.3  85.1  24.2  63.9  94.6  26.3  98.2  75.8   2.2   7.5   6.0  44.2   6.1  94.6  26.5  30.2  16.7  19.0  28.5  93.6  10.2  14.2   4.2   8.6  95.4  89.2  13.3   7.7  59.4  86.0   8.8  13.0  55.2   9.2   3.0
Mar-03  61.7  65.4  19.6  31.8  90.4  89.9  88.9  71.6  76.5  83.3   9.8  57.0  80.8  83.6   4.2  45.6  63.7  67.2  88.7  22.0  50.0  94.0  28.8  98.5  77.3   2.0   8.3   4.3  42.1   6.9  95.4  25.1  30.6  16.5  18.3  37.8  92.0  12.2  19.4   2.9  33.6  95.8  86.8  15.5   9.2  75.7  90.8   6.9  12.7  64.1  15.4   2.4
Mar-04  59.7  62.7  19.5  32.9  87.8  88.6  87.4  74.7  80.4  83.4   9.5  64.8  79.6  83.3   4.0  45.8  67.9  74.8  89.6  19.7  49.2  93.4  27.0  99.1  78.2   1.9   9.1   4.1  39.9   7.7  95.5  23.5  26.9  16.3  16.9  13.9  90.3  14.0  27.2   4.4  14.7  95.4  91.2  15.7  18.7  73.5  91.8   7.5  12.3  62.2  14.2   2.1
Mar-05  57.6  59.9  19.4  34.0  84.8  87.2  85.1  77.2  76.4  84.0   9.1  72.6  78.4  83.0   3.9  45.8  72.1  78.1  89.0  18.0  48.3  92.9  25.5  99.4  79.3   1.8   9.8   4.0  37.8   7.9  95.5  22.4  23.2  15.9  14.9  27.7  88.5  12.8  27.2   6.0  16.7  92.8  94.1  14.9  11.0  66.9  92.7   6.8  13.7  63.4  14.0   1.8
Mar-06  54.4  57.2  18.9  35.1  82.0  85.9  86.9  72.3  72.3  84.3   8.8  80.4  77.2  82.8   3.7  45.4  76.6  76.9  88.4  16.3  45.7  92.5  23.6  99.7  74.8   1.6  10.1   3.8  40.2   8.1  95.5  21.1  19.3  15.4  28.4  41.2  87.6  11.5  22.5   4.0  16.2  92.5  92.9  10.1  10.2  48.5  94.1  11.0  10.5  55.3   8.8   1.8
Mar-07  51.1  53.3  20.8  36.1  79.1  84.7  88.3  67.4  68.0  84.4   8.4  88.2  76.0  82.6   3.5  46.6  79.4  75.4  84.9  14.6  42.7  91.9  22.0  99.9  70.3   1.6  10.4   3.6  42.6   8.2  95.5  19.6  14.7  14.5  40.2  16.1  86.6  10.2  27.5   2.7  19.1  94.4  92.2   6.8   8.9  50.3  94.0  12.5  18.4  51.6   8.7   1.6
Mar-08  48.0  54.5  22.1  37.3  76.4  83.0  89.6  62.5  64.0  85.2   7.7  87.5  74.8  82.0   3.6  47.0  82.3  71.7  81.3  12.8  43.3  87.4  19.9 100.0  65.8   1.6  10.6   3.4  44.9   7.6  95.5  17.6  22.4  13.5  51.8  31.6  85.6   8.9  29.2   2.2  16.0  91.4  90.1   6.3   3.2  50.5  94.9  10.2  14.9  54.0   8.6   1.4
Mar-09  44.8  55.2  23.4  38.1  72.8  84.6  90.8  57.6  59.7  85.3   7.2  86.7  73.0  83.0   3.6  47.2  79.1  67.5  81.4  17.9  43.7  82.5  19.8  92.3  60.0   1.6  10.9   3.2  45.6   6.9  95.5  17.5  29.3  12.2  42.4  47.2  84.5   7.2  23.5   1.8  13.4  90.3  85.4   5.3   4.0  50.4  94.7   8.4  13.8  45.7   7.1   1.5
Mar-10  41.7  55.8  24.7  40.5  74.5  85.8  92.2  52.7  55.6  80.0   6.7  85.8  68.3  83.9   3.6  47.5  75.4  66.3  81.3  22.1  44.5  81.8  19.6  84.9  62.0   1.6  10.1   2.9  46.0   6.2  95.5  17.2  36.0  10.7  33.1  62.7  83.4   6.1  19.5   2.1  12.7  93.2  80.6   3.9   5.0  51.7  87.5   8.0  11.6  53.0   8.2   1.3
Mar-11  38.4  56.5  26.0  42.1  75.7  87.0  93.5  47.8  49.2  74.6   6.2  85.1  63.4  84.5   3.7  47.7  77.8  64.6  78.8  26.4  40.0  80.8  19.4  78.1  63.0   1.7   9.4   2.9  46.4   5.5  93.8  16.4  38.5   9.3  23.5  16.7  82.4   5.5  17.6   2.9   9.7  94.6  75.2   4.0   6.5  53.9  82.6   7.9   9.8  57.9   5.7   1.3
Mar-12  35.4  57.0  27.3  43.7  76.9  88.4  94.8  40.8  45.5  68.7   5.7  84.1  58.4  85.0   3.7  48.1  79.9  62.4  71.3  34.3  35.4  80.3  19.1  83.9  64.0   1.9   8.6   2.8  46.7   7.0  92.2  15.6  40.7   7.3  12.3  32.8  80.8   5.2  17.0   2.3   8.6  91.6  76.1   3.8  11.1  67.4  80.7   7.0   5.2  59.3   5.6   1.3
Mar-13  30.9  57.8  28.5  45.3  78.0  89.7  93.3  39.5  41.5  63.4   5.2  83.4  53.6  85.5   3.7  47.4  81.1  60.5  63.5  42.5  39.3  79.4  18.8  89.1  64.9   2.0   8.0   2.8  41.6   8.6  90.5  14.4  42.6   5.8  12.6  49.0  77.5   4.8  17.0   2.0  10.8  90.6  77.8   3.7  16.1  52.0  83.0   5.5   5.7  60.8   5.5   1.3
Mar-14  30.9  57.5  25.7  46.9  79.2  90.9  91.8  37.9  37.6  57.9   4.6  82.4  48.6  86.4   3.7  50.2  81.5  58.6  58.6  50.4  42.5  78.5  18.5  86.1  65.6   2.4   7.7   2.7  36.5  10.1  89.6  13.2  44.1   5.4  12.2  12.7  73.9   4.8  12.2   1.8   9.5  91.3  74.5   3.5  18.2  49.4  84.4   3.4   6.1  71.5  10.2   1.2
Mar-15  28.3  59.7  22.9  48.6  80.4  92.1  90.4  36.1  33.5  52.5   3.9  81.3  43.7  86.9   7.0  51.5  81.6  52.2  53.4  58.3  46.2  75.6  18.0  83.2  66.1   3.0   7.2   2.8  31.1  10.2  88.8  11.5  48.3   5.0  11.6  25.0  70.3   4.6  12.2   1.8  12.6  95.1  72.8   4.0  14.8  44.9  68.8   5.2   6.8  79.5   7.7   1.2
Mar-16  25.0  61.2  20.1  49.9  81.5  83.1  88.8  34.5  29.7  46.7   5.1  80.5  36.5  82.3   6.8  52.9  82.1  45.4  48.8  61.7  42.7  71.9  17.2  80.5  65.9   3.5   6.7   2.9  35.4  10.2  87.8  12.6  51.4   4.4  11.8  37.0  66.7   4.2  11.8   1.8  11.6  95.0  71.9   2.9  12.4  43.9  69.9   6.0   6.7  70.2   5.8   1.1
Mar-17  22.5  62.7  17.3  46.2  81.6  74.1  87.3  32.7  25.7  39.0   5.7  79.4  36.7  77.8   5.8  54.3  81.9  43.3  43.6  65.2  38.8  72.4  16.1  77.6  69.0   4.1   6.2   2.9  39.2  10.3  86.9  13.2  54.5   4.5  11.8  49.2  62.0   4.2  11.1   1.8  15.8  95.4  63.8   2.1  12.0  48.5  60.4   3.9   6.5  63.8   5.4   1.0
Mar-18  19.1  64.3  14.5  42.5  81.4  65.2  85.9  31.2  20.1  39.9   6.3  78.2  36.4  73.1   4.8  55.8  81.4  40.3  40.8  62.4  42.4  72.3  15.3  74.4  71.2   3.9   5.8   2.7  43.0  10.3  85.1  13.6  46.7   4.6  11.2  18.6  58.1   4.1  14.2   1.8  22.6  90.0  61.3   1.6   8.3  52.8  65.6   3.9   5.3  54.3   6.9   1.0
Mar-19  15.9  65.8  11.7  38.8  81.4  56.1  84.0  28.4  21.5  39.7   6.9  77.0  36.0  68.3   3.8  57.1  80.7  39.1  39.1  60.9  45.6  74.3  14.3  87.2  73.4   3.8   5.3   2.6  46.7   9.0  83.3  12.6  38.7   4.4  11.2  36.4  52.1   3.8  13.6   1.3  14.7  90.4  60.7   5.5   8.6  54.5  69.7   4.2   8.7  52.2   7.4   1.0
Mar-20  13.2  67.3   7.9  35.1  81.7  47.2  85.4  28.2  22.4  39.7   7.4  75.9  35.7  63.7   3.6  58.3  79.3  31.9  37.2  59.3  46.9  76.1  12.9  99.2  77.7   3.7   4.9   2.4  39.4   7.7  81.1  11.6  30.7   4.5  11.2  32.0  53.2   3.5   8.8   1.3  10.1  90.2  61.6   2.7   8.5  57.3  66.3   4.8   6.2  48.8   6.0   1.0
Mar-21   9.9  68.7   8.6  31.4  81.7  38.2  86.5  27.2  23.3  39.3   8.0  74.7  35.3  59.1   2.5  53.6  80.6  24.1  36.4  65.0  47.7  77.4  10.6  85.5  81.6   3.3   4.5   2.2  32.0   6.3  80.1  10.4  21.3   4.2  10.7   6.0  53.5   3.1   8.8   1.3  11.9  86.8  60.0   1.7   6.8  61.1  57.8   4.1   4.6  49.4   5.2   1.7
Mar-22   9.0  70.1   8.9  27.7  81.5  27.5  87.5  26.4  24.2  39.3   8.6  73.1  35.1  53.0   2.9  48.8  81.8  23.1  35.5  70.4  48.4  73.3   8.6  71.3  85.3   2.9   4.0   2.1  24.5   6.6  79.1   8.8  22.3   3.9   9.9  11.2  53.7   2.7   8.2   1.3  16.6  92.3  59.5   1.6   4.8  58.7  46.3  10.1   3.3  43.9   4.3   2.3
Mar-23   8.2  70.5   9.3  22.7  81.5  28.1  88.7  25.5  25.1  37.8   9.2  60.9  33.6  50.8   2.8  44.1  81.1  22.1  30.8  73.3  47.9  68.7   8.1  63.4  89.0   2.5   3.8   2.0  24.5   7.0  77.8   9.0  22.9   3.7   9.0  17.2  53.7   2.3   5.2   1.2  15.2  89.4  67.4   1.6   5.0  70.4  42.5   6.1   3.2  34.6   4.7   1.5
Mar-24   7.4  71.0   9.7  23.8  78.4  28.9  89.8  24.7  26.0  35.4   9.0  47.6  32.5  48.6   3.2  39.3  80.4  22.5  25.4  64.1  47.2  67.2   7.6  55.6  86.0   2.1   4.0   1.8  24.2   7.3  76.3   9.0  23.3   3.6   8.2  22.6  54.1   2.1   5.3   1.2  12.1  94.0  69.1   1.5   4.7  63.6  36.9   4.8   3.0  31.3   7.5   2.2
Mar-25   6.5  71.6  10.1  22.3  75.5  29.3  90.9  23.8  26.7  32.6   8.6  45.1  31.2  46.2   3.6  34.5  79.4  22.3  21.3  54.3  48.0  65.3   7.1  47.4  82.9   1.9   4.3   1.7  24.0   7.6  75.8   8.8  21.6   3.5   6.0  28.1  44.6   1.5   9.3   1.1   7.5  93.2  69.0   1.4   4.4  55.4  37.3   4.8   3.0  36.1   5.9   1.4
Mar-26   5.6  72.1  10.4  20.1  72.4  29.9  91.8  22.2  25.5  29.8   8.3  42.5  29.9  44.1   3.9  29.7  77.9  22.7  18.6  50.5  48.8  62.0   6.6  72.1  79.6   1.8   4.5   1.6  23.8   7.7  74.8   8.1  19.6   3.4   5.6  17.5  33.7   1.5  11.8   1.0   6.7  91.1  64.2   1.3   4.0  40.2  33.1   5.1   2.5  22.2   4.4   1.1
Mar-27   4.7  72.6  10.6  17.8  69.6  30.3  87.2  23.1  24.3  26.7   8.0  39.9  28.6  41.7   3.9  22.5  77.0  21.5  15.8  46.8  45.5  58.8   5.9  95.7  81.3   1.6   4.2   1.4  26.3   7.7  73.6   7.3  17.6   3.2   5.6  13.6  33.2   1.4  11.2   1.0   6.1  90.5  68.8   1.3   3.3  31.6  34.6   3.9   2.2  23.0   5.0   1.2
Mar-28   4.4  72.6  12.4  15.6  66.5  31.1  82.9  23.8  23.1  24.0   7.6  37.4  27.3  39.4   2.2  20.7  72.2  20.5  14.8  40.1  42.0  55.1   5.9  95.0  83.0   1.4   3.9   1.2  28.7   7.7  67.2   6.4  14.8   3.6   5.8   2.6  33.5   1.4  13.9   0.9   7.0  90.2  72.3   1.3   3.8  34.1  31.4   5.3   2.2  24.0   3.8   1.4
Mar-29   4.0  70.2  13.5  13.9  63.7  29.7  78.5  24.5  22.0  19.5   7.3  32.0  26.0  35.5   2.6  18.7  67.1  17.0  13.6  32.2  37.6  55.2   5.8  94.3  84.5   1.3   3.6   1.2  31.2   6.7  60.6   5.1  15.7   3.9   5.9   4.2  33.7   1.3  20.5   0.8  12.4  90.8  66.9   1.2   3.7  34.2  25.8   4.9   2.2  37.1   3.1   1.2
Mar-30   3.7  67.6  14.6  11.9  59.6  27.8  74.0  25.2  20.7  21.3   6.5  32.3  23.8  34.1   2.6  16.7  62.8  13.6  12.5  27.4  31.5  54.8   5.6  93.7  85.8   1.2   3.2   1.2  27.5   5.8  53.5   5.7  16.2   4.2   5.3   6.0  34.0   1.3  14.3   0.8  11.5  90.7  62.9   1.3   3.5  27.4  23.9   3.4   1.7  27.6   3.1   1.0
Mar-31   3.4  64.8  15.7  11.8  56.2  25.7  69.6  25.9  19.5  22.4   5.9  32.2  21.3  32.3   3.1  14.7  57.9  12.3  11.3  23.0  25.6  54.3   5.3  93.4  81.8   1.1   2.9   1.2  23.8   4.8  45.3   6.2  16.5   3.8   4.7   7.6  34.0   1.2  30.1   0.8   9.4  83.7  62.9   1.3   3.0  23.1  22.9   3.4   1.6  24.6   3.0   0.9
Apr-01   3.0  61.9  16.8  11.3  52.5  23.7  65.3  26.5  17.7  23.4   5.2  32.1  18.8  30.7   3.5  12.7  56.8  10.8  10.5  18.6  22.2  53.8   5.1  92.1  77.7   0.9   2.6   1.1  20.2   3.9  49.6   6.6  14.2   3.5   3.9   9.4  31.5   1.2  31.0   0.8   7.3  87.0  67.7   1.3   2.6  28.1  19.0   2.6   1.7  24.5   2.6   0.9
Apr-02   2.7  59.2  18.0  11.2  49.0  21.6  59.3  26.7  17.2  24.6   4.6  32.0  16.4  28.9   3.5  10.6  55.5  10.3   9.3  18.0  18.7  52.8   4.9  86.9  73.6   0.8   2.3   1.1  16.4   3.9  53.2   5.8  11.8   3.1   3.3   9.2  20.2   1.2  33.6   0.8   4.6  83.9  59.1   1.2   2.6  24.5  18.6   2.4   1.5  23.0   2.8   0.9
Apr-03   2.4  56.6  18.9  11.1  45.3  19.6  60.5  25.1  16.6  25.4   3.9  31.9  13.9  27.3   4.0   7.4  57.4   9.4   8.7  17.3  15.8  51.8   4.7  81.3  71.7   0.7   2.1   1.0  16.3   4.0  56.7   4.9   9.3   2.5   3.2   9.5  19.0   1.1  23.0   0.7   4.7  83.9  54.2   1.1   2.5  18.9  13.2   2.1   1.3  19.9   3.1   1.0
Apr-04   2.0  52.6  19.6  11.0  41.8  17.5  61.1  23.2  15.8  26.5   3.3  31.8  11.5  25.5   4.0   6.6  55.3   8.2   8.3  14.9  11.8  50.1   4.6  72.4  69.8   0.8   1.9   0.9  16.2   4.0  55.1   4.1   6.1   2.4   3.2   1.9  17.5   1.1   4.5   0.6   4.8  75.7  49.2   1.1   2.6  22.1  13.4   1.9   1.4  15.4   3.3   0.9
Apr-05   1.7  48.7  18.1  10.6  38.1  14.5  61.7  21.5  15.2  27.4   2.3  31.4   9.0  23.1   2.1   5.7  53.2   8.3   7.8  11.9  10.5  47.2   4.4  61.9  67.7   0.8   1.7   0.8  16.1   4.1  53.2   2.9   5.6   2.2   3.2   2.9  16.0   1.0   3.4   0.6   4.8  80.7  51.3   1.3   2.2  12.7  15.8   1.7   1.4  17.4   2.7   0.8
Apr-06   1.4  44.9  16.0   7.7  32.4  13.6  62.5  19.6  14.5  27.7   2.2  29.9   5.5  20.7    NA   4.9  55.7   8.1   7.2  10.4   8.9  44.7   4.1  63.2  64.9   0.8   1.5   0.8  14.9   4.1  51.0   3.0   5.1   2.1   3.2   4.0  14.3   1.0   3.1   0.5   5.6  81.8  57.2   1.1   2.0  14.7  14.9   2.0   1.3  18.6   2.6   0.8
Apr-07    NA  40.9  14.0   7.3  31.7  12.6  63.2  17.9  13.8  26.1   2.1  28.4   5.3  18.4    NA   4.0  58.0   7.6   5.8   8.6   7.2  44.5   3.6  63.8  62.0   0.8   1.6   0.7  13.6   4.2  48.9   2.9   4.5   2.0   3.4   5.0  13.6   0.9   6.6   0.6   5.3  83.6  57.9   1.1   1.6  12.1  15.9   2.1   1.2  17.5   3.5   0.9
Apr-08    NA  36.8  11.9   6.8  30.9  11.6  63.7  16.0  12.7  24.3   2.1  26.5   5.1  15.9    NA   3.2  59.8   6.3   5.6   6.9   6.6  44.4   3.5  64.3  59.3   0.8   1.6   0.7  12.3   4.2  46.7   2.9   4.1   1.9   3.4   6.4   9.6   0.8   3.3   0.5   5.7  80.2  60.2   1.1   1.6  11.6  15.2   1.9   1.1  13.3   5.4   0.8
Apr-09    NA  32.8  10.4   6.3  30.0  10.7  64.0  13.6  11.3  22.5   2.0  25.5   4.9  13.3    NA   2.3  61.5   5.6   4.8   7.1   6.2  42.1   3.3  61.4  55.5   0.8   1.6   0.6  10.4   4.0  44.3   2.8   3.6   1.8   3.4   5.1   7.1   0.7   4.0   0.3   5.3  83.0  58.9   1.1   1.6  53.2  14.9   1.4   1.0  10.6   5.0   0.8
Apr-10    NA  29.0   8.0   5.9  29.1   9.7  60.9  12.4  10.0  20.6   1.9  24.4   4.7  10.9    NA   1.0  57.5   5.4   4.2   7.5   5.8  39.7   3.1  57.4  52.0   0.7   1.6   0.5   9.2   3.7  41.3   2.7   3.2   1.8   3.3   5.1   7.8   0.6   4.0   0.1   4.6  80.4  58.9   0.6   1.5  53.0  12.5   1.3   1.0   9.7   2.6   0.7
Apr-11    NA  23.0   8.1   5.4  28.2   8.7  57.6  11.1   8.8  18.8   1.8  23.0   4.5   8.5    NA   1.7  52.9   5.3   3.6   6.7   4.8  36.9   3.1  56.8  47.3   0.7   1.5   0.4   7.9   3.4  35.6   2.6   2.6   1.8   3.2   1.5   8.3   0.5   2.5   0.0   3.8  77.7  40.1   1.1   1.3  39.1  12.0   1.3   0.9  11.7   2.3   0.8
Apr-12    NA  22.0   7.4   4.9  27.3   7.2  54.5   9.9   7.4  17.0   1.7  20.9   4.3   4.7    NA   1.5  47.7   5.0   3.0   5.7   4.6  35.2   3.0  55.4  42.3   0.7   1.4   0.4   6.4   3.3  29.9   2.5   2.5   1.7   3.0   2.0   8.8   0.4   2.2   0.0   3.4  66.0  40.0   1.1   1.0  10.4  11.6   1.4   0.9  12.0   2.1   0.8
Apr-13    NA  20.8   6.5   4.1  26.0   7.6  51.1   8.6   6.1  14.1   1.7  19.6   4.0   4.7    NA   1.2  42.3   4.8   2.8   4.8   4.3  33.3   3.0  47.3  36.6   0.7   1.4   0.4   5.7   3.2  24.0   2.4   2.5   1.7   2.8   2.6   9.2   0.3   2.2   0.0   3.4  62.1  37.7   1.1   1.3  10.0  11.9   1.3   0.8  10.8   2.0   0.5
Apr-14    NA  19.8   5.6   6.2  25.7   7.7  47.9   7.4   4.8  13.3   1.7  18.2   3.9   4.5    NA   0.9  36.8   4.1   2.5   4.6   3.9  32.5   3.0  39.0  29.3   0.7   1.4   0.4   4.9   3.0  17.0   2.3   2.3   1.6   2.6   3.1   9.9   0.2   2.0    NA   3.5  64.1  28.6   1.1   1.3  10.2   9.7   1.2   0.8   9.9   1.9   0.6
Apr-15    NA  18.7   4.6   5.8  24.9   7.8  44.6   6.2   3.0  12.4   1.7  16.8   3.7   4.4    NA   0.6  30.4   3.4   2.5   4.3   3.5  31.3   2.8  29.6  21.8   0.5   1.3   0.3   4.1   2.8  15.5   2.2   2.1   1.4   2.3   3.6   8.8   0.1   1.8    NA   3.1  68.2  27.5   1.1   1.0  12.3  10.1   1.1   0.9   7.8   1.9   0.7
Apr-16    NA  17.7   3.9   4.8  24.2   7.9  40.2   4.3    NA  11.6   1.7  15.5   3.6   4.2    NA   0.5  22.0   2.8   2.4   4.1   3.2  25.6   2.5  29.0  11.3   0.3   1.3   0.3   3.0   2.5  13.9   2.0   1.9   1.3   2.1   4.1   7.5    NA   1.5    NA   3.2  67.2  27.0   0.6   1.0   8.1  11.1   1.1   0.7   6.1   1.7   0.3
Apr-17    NA  16.5   3.0   3.7  23.4   8.0  40.3    NA    NA  10.7   1.7  14.1   3.5   4.1    NA   0.2  18.7   2.5   2.3   4.0   2.9  20.0   2.3  28.0  12.0   0.1   1.3   0.2   2.8   2.1  12.3   1.8   1.7   1.2   2.0   3.1   6.5    NA   1.4    NA   3.4  64.3  25.6   1.0   0.9   7.2  11.8   1.1   0.6   5.4   1.6   0.1
Apr-18    NA  14.5   2.9   2.7  22.7   8.1  40.2    NA    NA   9.9   1.7  12.8   3.3   3.9    NA    NA  15.9   2.4   2.2   3.7   2.6  13.6   2.0  29.4  12.5   0.1   1.2   0.2   2.5   1.7  10.4   1.6   1.5   1.1   2.0   1.3   5.5    NA   1.2    NA   3.1  63.5  22.6   1.0   0.5   7.1   9.4   1.1   0.5   5.2   1.4   0.1
Apr-19    NA  13.6   2.8   2.3  21.9   8.1  40.0    NA    NA   9.0   1.6  10.9   3.2   3.6    NA    NA  13.0   2.4   2.0   3.3   2.6  13.7   2.0  30.3  12.9   0.1   1.2   0.2   2.2   1.6   9.0   1.4   1.4   1.1   1.9   1.6   4.4    NA   4.6    NA   3.1  71.2  21.4   1.0   0.4   6.7   7.9   1.3   0.5   4.3   1.3   0.1
Apr-20    NA  12.6   2.7   1.3  20.7   7.9  40.0    NA    NA   7.7   1.6  10.0   2.9   3.8    NA    NA  12.3   2.5   2.0   3.2   2.5  13.8   1.8  30.5  13.2   0.1   1.2   0.2   2.1   1.5   7.5   1.3   1.2   1.0   1.9   1.8   3.4    NA   1.2    NA   3.6  60.0  22.8   1.0   0.5   6.4   8.3   1.1   0.2   4.1   1.3   0.0
Apr-21    NA  11.6   2.6    NA  18.8   7.5  39.8    NA    NA   7.4   1.6   9.2   2.6   2.9    NA    NA  11.4   2.3   1.9   2.8   2.5  11.8   1.7  30.5  12.2   0.1   1.2   0.2   2.0   1.4   6.0   1.3   1.1   0.8   1.9   2.2   3.0    NA   1.2    NA   3.2  67.8  21.7   1.0   0.2   7.5   7.8   1.1   0.2   3.9   1.2   0.0
Apr-22    NA  10.5   2.5    NA  16.7   7.1  39.7    NA    NA   7.2   1.6   8.3   2.3   1.9    NA    NA  10.2   2.0   1.8   2.4   2.3   9.8   1.5  30.3  11.0   0.1   1.2   0.1   1.8   1.2   6.0   1.1   0.9   0.6   1.8   1.3   2.7    NA   1.2    NA   2.7  67.6  15.0   1.0   0.2   8.6   6.9   1.0   0.2   3.6   1.2   0.0
Apr-23    NA   9.5   2.4    NA  14.7   6.7  39.2    NA    NA   6.9   1.5   7.5   2.1   0.9    NA    NA   8.5   1.1   1.6   2.3   2.2   8.9   1.5  28.0   9.4   0.0   1.2   0.1   1.6   1.2   5.9   1.1   0.7   0.5   1.8   1.5   2.3    NA   1.2    NA   2.8  68.3  14.0   0.9   0.2   8.1   6.0   1.0   0.2   3.4   1.3   0.0
Apr-24    NA   8.5   2.2    NA  12.7   6.4  38.7    NA    NA   6.5   1.5   6.6   1.8    NA    NA    NA   7.3   0.9   1.5   2.1   2.2   8.2   1.3  25.0   9.4   0.0   1.1   0.0   1.6   1.2   5.8   1.1   0.4   0.3   1.7   1.7   2.2    NA   1.2    NA   2.5  60.1  13.6   0.9   0.0   9.2   4.9   1.0   0.1   3.2   1.1   0.0
Apr-25    NA   7.1    NA    NA  10.7   6.0  38.0    NA    NA   6.3   1.5   5.7   1.5    NA    NA    NA   6.1   0.8   1.5   1.8   2.2   7.1   1.4  23.4   9.2    NA   1.1   0.0   1.6   1.1   5.2   1.1   0.2   0.2   1.5   1.0   2.2    NA   1.1    NA   2.2  62.1  14.9   0.9   0.0   7.9   4.5   1.0   0.1   2.6   1.1   0.0
Apr-26    NA   6.5    NA    NA   8.7   5.4  37.4    NA    NA   5.7   1.4   4.4   1.3    NA    NA    NA   4.8   0.6   1.4   1.5   2.1   6.9   1.3  21.6   9.0    NA   1.1   0.0   1.5   1.0   4.5   1.0   0.1   0.1   1.3   1.1   2.1    NA   1.1    NA   2.0  51.3  14.0   0.9   0.0   6.3   3.0   1.0   0.0   2.3   1.1    NA
Apr-27    NA   6.0    NA    NA   5.2   4.9  36.9    NA    NA   5.7   1.3   3.8   0.9    NA    NA    NA   4.3   0.5   1.2   1.3   1.8   6.6   1.3  19.3   8.5    NA   1.0   0.0   1.5   0.9   3.8   0.9   0.1   0.0   1.1   1.1   2.1    NA   1.0    NA   2.0  54.3  12.6   0.9    NA   5.3   2.4   1.0   0.0   2.3   1.1    NA
Apr-28    NA   5.4    NA    NA   4.6   4.5  36.3    NA    NA   5.5   1.3   3.3    NA    NA    NA    NA   3.8    NA   1.1   1.2   1.5   6.6   1.3  17.0   8.7    NA   1.0   0.0   1.5   0.8   3.1   0.8   0.0   0.0   0.9   1.1   1.8    NA   1.0    NA   1.8  41.2  12.9   0.9    NA   4.3   3.8   0.9   0.0   1.9   1.1    NA
Apr-29    NA   4.8    NA    NA   4.1   4.0  35.6    NA    NA   5.4   1.2   2.7    NA    NA    NA    NA   3.2    NA   0.3   1.0   1.4   6.4   1.3  14.4   8.6    NA   1.0    NA   1.4   0.7   3.3   0.7   0.0   0.0   0.6   1.0   1.7    NA   1.4    NA   1.8  41.0  12.5   0.9    NA   4.3   1.4   0.9   0.0   2.1   1.1    NA
Apr-30    NA   4.3    NA    NA   3.6   3.6  34.4    NA    NA   5.3   1.1   2.1    NA    NA    NA    NA   2.3    NA   0.3   0.9   1.3   5.9   1.2  13.3   8.3    NA   1.0    NA   1.3   0.6   3.5   0.6   0.0   0.0   0.3   1.0   1.5    NA   1.0    NA   1.8  41.8  12.0   0.3    NA   4.6   1.2   0.9    NA   2.1   1.1    NA
May-01    NA   3.7    NA    NA   3.1   3.1  32.9    NA    NA   5.2   1.0   1.5    NA    NA    NA    NA   1.4    NA   0.2   0.8   1.2   5.6   1.1  11.9   8.1    NA   0.8    NA   1.3   0.6   3.6   0.4   0.0   0.0   0.3   1.0   1.3    NA   1.0    NA   1.7  42.5  11.6   0.6    NA   8.0   1.1   0.9    NA   1.9   1.0    NA
May-02    NA   2.9    NA    NA   2.5   2.7  31.1    NA    NA   5.1   0.9   1.0    NA    NA    NA    NA   1.2    NA    NA   0.6   1.0   4.9   1.0  11.6   7.8    NA   0.5    NA   1.2   0.6   3.2   0.2   0.0   0.0   0.2   1.0   1.1    NA   1.0    NA   1.5  36.6  11.2   0.2    NA   6.8   1.1   0.9    NA   1.5   1.0    NA
May-03    NA    NA    NA    NA   2.0   1.9  29.5    NA    NA   5.0   0.8   0.2    NA    NA    NA    NA   1.0    NA    NA   0.4   0.3   4.8   0.9  11.0   7.5    NA   0.3    NA   1.1   0.5   2.8   0.0   0.0   0.0   0.2   1.0   0.8    NA   0.8    NA   1.5  34.4  10.6   0.2    NA   4.8   1.0   0.8    NA   1.6   1.0    NA
May-04    NA    NA    NA    NA   1.0    NA  27.7    NA    NA   4.9    NA    NA    NA    NA    NA    NA   0.7    NA    NA   0.5   0.3   4.6   0.8  11.1   6.9    NA   0.0    NA    NA   0.4   2.3   0.0   0.0   0.0   0.2   0.9   0.6    NA   0.7    NA   1.6  34.3   8.7   0.2    NA   4.4   1.0   0.6    NA   1.6   1.0    NA
May-05    NA    NA    NA    NA    NA    NA  26.1    NA    NA   4.7    NA    NA    NA    NA    NA    NA   0.4    NA    NA   0.6   0.3   4.0   0.7  11.1   5.9    NA    NA    NA    NA   0.3   1.8   0.0   0.0    NA   0.1   0.8   0.4    NA   0.5    NA   1.3  34.9   7.4   0.0    NA   3.2   1.0   0.5    NA   1.4   1.0    NA
May-06    NA    NA    NA    NA    NA    NA  24.3    NA    NA   4.2    NA    NA    NA    NA    NA    NA   0.3    NA    NA   0.6    NA   3.3   0.6  10.9   4.8    NA    NA    NA    NA   0.2   1.7   0.0   0.0    NA   0.1   0.9   0.3    NA   0.4    NA   1.2  32.2   8.1    NA    NA   3.2   1.0   0.3    NA   1.4   0.9    NA
May-07    NA    NA    NA    NA    NA    NA  22.2    NA    NA   3.6    NA    NA    NA    NA    NA    NA   0.3    NA    NA   0.6    NA   3.1   0.6  11.1   3.5    NA    NA    NA    NA   0.2   1.5    NA   0.0    NA   0.0   0.9   0.1    NA   0.4    NA   1.3  30.0   8.1    NA    NA   3.2   0.9   0.1    NA   1.3   0.9    NA
May-08    NA    NA    NA    NA    NA    NA  20.4    NA    NA   3.0    NA    NA    NA    NA    NA    NA   0.3    NA    NA   0.6    NA   2.8   0.4  11.2   3.1    NA    NA    NA    NA   0.1   1.4    NA   0.0    NA    NA   0.8    NA    NA   0.4    NA   1.3  28.6   5.5    NA    NA   3.0   0.7   0.1    NA   1.3   0.9    NA
May-09    NA    NA    NA    NA    NA    NA  18.6    NA    NA   2.4    NA    NA    NA    NA    NA    NA    NA    NA    NA   0.6    NA   2.3   0.3  10.4   2.7    NA    NA    NA    NA   0.0   1.2    NA   0.0    NA    NA   0.7    NA    NA   0.3    NA   1.3  22.7   4.5    NA    NA   2.9   0.7   0.0    NA   1.3   0.9    NA
May-10    NA    NA    NA    NA    NA    NA  16.8    NA    NA   1.9    NA    NA    NA    NA    NA    NA    NA    NA    NA   0.4    NA   2.0   0.3   9.4   2.3    NA    NA    NA    NA    NA   0.9    NA    NA    NA    NA   0.6    NA    NA   0.2    NA   1.2  21.1   3.6    NA    NA   2.2   0.7   0.0    NA   1.1   0.9    NA
May-11    NA    NA    NA    NA    NA    NA  14.9    NA    NA   1.3    NA    NA    NA    NA    NA    NA    NA    NA    NA   0.0    NA   1.6    NA   8.5   1.8    NA    NA    NA    NA    NA   0.7    NA    NA    NA    NA   0.4    NA    NA   0.0    NA   1.2  22.4   3.2    NA    NA   1.8   0.7   0.0    NA   1.2   0.9    NA
May-12    NA    NA    NA    NA    NA    NA  13.2    NA    NA   0.4    NA    NA    NA    NA    NA    NA    NA    NA    NA    NA    NA   1.1    NA   7.7   1.3    NA    NA    NA    NA    NA   0.4    NA    NA    NA    NA   0.4    NA    NA   0.0    NA   1.2  13.7   3.2    NA    NA   1.3   0.4   0.0    NA   1.2   0.8    NA
May-13    NA    NA    NA    NA    NA    NA  11.4    NA    NA   0.3    NA    NA    NA    NA    NA    NA    NA    NA    NA    NA    NA   0.6    NA   6.5   0.9    NA    NA    NA    NA    NA   0.5    NA    NA    NA    NA   0.7    NA    NA   0.0    NA   1.0  14.5   2.1    NA    NA   1.2   0.2   0.0    NA   1.0   0.7    NA
May-14    NA    NA    NA    NA    NA    NA   8.7    NA    NA   0.2    NA    NA    NA    NA    NA    NA    NA    NA    NA    NA    NA    NA    NA   7.2    NA    NA    NA    NA    NA    NA   0.6    NA    NA    NA    NA   0.3    NA    NA    NA    NA   1.0  13.3   2.3    NA    NA   0.7   0.3   0.0    NA   0.7   0.5    NA
May-15    NA    NA    NA    NA    NA    NA    NA    NA    NA   0.2    NA    NA    NA    NA    NA    NA    NA    NA    NA    NA    NA    NA    NA   7.6    NA    NA    NA    NA    NA    NA   0.6    NA    NA    NA    NA   0.0    NA    NA    NA    NA   0.9   9.2   1.6    NA    NA   0.6   0.0   0.0    NA   0.5   0.4    NA
May-16    NA    NA    NA    NA    NA    NA    NA    NA    NA   0.1    NA    NA    NA    NA    NA    NA    NA    NA    NA    NA    NA    NA    NA   6.0    NA    NA    NA    NA    NA    NA   0.5    NA    NA    NA    NA    NA    NA    NA    NA    NA   0.8   7.2   1.4    NA    NA   0.5   0.0    NA    NA   0.4   0.1    NA
May-17    NA    NA    NA    NA    NA    NA    NA    NA    NA   0.0    NA    NA    NA    NA    NA    NA    NA    NA    NA    NA    NA    NA    NA   4.0    NA    NA    NA    NA    NA    NA   0.4    NA    NA    NA    NA    NA    NA    NA    NA    NA   0.8   6.5   1.3    NA    NA   0.3    NA    NA    NA   0.3   0.0    NA
May-18    NA    NA    NA    NA    NA    NA    NA    NA    NA    NA    NA    NA    NA    NA    NA    NA    NA    NA    NA    NA    NA    NA    NA   3.2    NA    NA    NA    NA    NA    NA   0.3    NA    NA    NA    NA    NA    NA    NA    NA    NA   0.8   6.7   1.0    NA    NA   0.1    NA    NA    NA   0.0   0.0    NA
May-19    NA    NA    NA    NA    NA    NA    NA    NA    NA    NA    NA    NA    NA    NA    NA    NA    NA    NA    NA    NA    NA    NA    NA   2.3    NA    NA    NA    NA    NA    NA   0.3    NA    NA    NA    NA    NA    NA    NA    NA    NA   0.7   4.5   0.6    NA    NA   0.0    NA    NA    NA   0.0    NA    NA
May-20    NA    NA    NA    NA    NA    NA    NA    NA    NA    NA    NA    NA    NA    NA    NA    NA    NA    NA    NA    NA    NA    NA    NA   1.2    NA    NA    NA    NA    NA    NA   0.3    NA    NA    NA    NA    NA    NA    NA    NA    NA   0.8   3.6   0.4    NA    NA   0.0    NA    NA    NA    NA    NA    NA
May-21    NA    NA    NA    NA    NA    NA    NA    NA    NA    NA    NA    NA    NA    NA    NA    NA    NA    NA    NA    NA    NA    NA    NA   1.0    NA    NA    NA    NA    NA    NA   0.3    NA    NA    NA    NA    NA    NA    NA    NA    NA   0.8   4.5   0.5    NA    NA   0.0    NA    NA    NA    NA    NA    NA
May-22    NA    NA    NA    NA    NA    NA    NA    NA    NA    NA    NA    NA    NA    NA    NA    NA    NA    NA    NA    NA    NA    NA    NA   0.7    NA    NA    NA    NA    NA    NA   0.3    NA    NA    NA    NA    NA    NA    NA    NA    NA   0.2   3.6   0.2    NA    NA    NA    NA    NA    NA    NA    NA    NA
May-23    NA    NA    NA    NA    NA    NA    NA    NA    NA    NA    NA    NA    NA    NA    NA    NA    NA    NA    NA    NA    NA    NA    NA   0.6    NA    NA    NA    NA    NA    NA   0.2    NA    NA    NA    NA    NA    NA    NA    NA    NA   0.2   3.0   0.1    NA    NA    NA    NA    NA    NA    NA    NA    NA
May-24    NA    NA    NA    NA    NA    NA    NA    NA    NA    NA    NA    NA    NA    NA    NA    NA    NA    NA    NA    NA    NA    NA    NA   0.3    NA    NA    NA    NA    NA    NA   0.2    NA    NA    NA    NA    NA    NA    NA    NA    NA   0.2   4.2   0.0    NA    NA    NA    NA    NA    NA    NA    NA    NA
May-25    NA    NA    NA    NA    NA    NA    NA    NA    NA    NA    NA    NA    NA    NA    NA    NA    NA    NA    NA    NA    NA    NA    NA   0.3    NA    NA    NA    NA    NA    NA   0.2    NA    NA    NA    NA    NA    NA    NA    NA    NA   0.2   4.6   0.0    NA    NA    NA    NA    NA    NA    NA    NA    NA
May-26    NA    NA    NA    NA    NA    NA    NA    NA    NA    NA    NA    NA    NA    NA    NA    NA    NA    NA    NA    NA    NA    NA    NA   0.3    NA    NA    NA    NA    NA    NA   0.2    NA    NA    NA    NA    NA    NA    NA    NA    NA   0.1   4.5   0.0    NA    NA    NA    NA    NA    NA    NA    NA    NA
May-27    NA    NA    NA    NA    NA    NA    NA    NA    NA    NA    NA    NA    NA    NA    NA    NA    NA    NA    NA    NA    NA    NA    NA   0.2    NA    NA    NA    NA    NA    NA   0.2    NA    NA    NA    NA    NA    NA    NA    NA    NA   0.1   3.0   0.0    NA    NA    NA    NA    NA    NA    NA    NA    NA
May-28    NA    NA    NA    NA    NA    NA    NA    NA    NA    NA    NA    NA    NA    NA    NA    NA    NA    NA    NA    NA    NA    NA    NA   0.2    NA    NA    NA    NA    NA    NA   0.1    NA    NA    NA    NA    NA    NA    NA    NA    NA   0.0   3.5   0.0    NA    NA    NA    NA    NA    NA    NA    NA    NA
May-29    NA    NA    NA    NA    NA    NA    NA    NA    NA    NA    NA    NA    NA    NA    NA    NA    NA    NA    NA    NA    NA    NA    NA   0.1    NA    NA    NA    NA    NA    NA   0.1    NA    NA    NA    NA    NA    NA    NA    NA    NA    NA   2.2   0.0    NA    NA    NA    NA    NA    NA    NA    NA    NA
May-30    NA    NA    NA    NA    NA    NA    NA    NA    NA    NA    NA    NA    NA    NA    NA    NA    NA    NA    NA    NA    NA    NA    NA   0.1    NA    NA    NA    NA    NA    NA    NA    NA    NA    NA    NA    NA    NA    NA    NA    NA    NA   1.2    NA    NA    NA    NA    NA    NA    NA    NA    NA    NA
May-31    NA    NA    NA    NA    NA    NA    NA    NA    NA    NA    NA    NA    NA    NA    NA    NA    NA    NA    NA    NA    NA    NA    NA   0.0    NA    NA    NA    NA    NA    NA    NA    NA    NA    NA    NA    NA    NA    NA    NA    NA    NA   1.3    NA    NA    NA    NA    NA    NA    NA    NA    NA    NA
Jun-01    NA    NA    NA    NA    NA    NA    NA    NA    NA    NA    NA    NA    NA    NA    NA    NA    NA    NA    NA    NA    NA    NA    NA    NA    NA    NA    NA    NA    NA    NA    NA    NA    NA    NA    NA    NA    NA    NA    NA    NA    NA   1.2    NA    NA    NA    NA    NA    NA    NA    NA    NA    NA
Jun-02    NA    NA    NA    NA    NA    NA    NA    NA    NA    NA    NA    NA    NA    NA    NA    NA    NA    NA    NA    NA    NA    NA    NA    NA    NA    NA    NA    NA    NA    NA    NA    NA    NA    NA    NA    NA    NA    NA    NA    NA    NA   1.3    NA    NA    NA    NA    NA    NA    NA    NA    NA    NA
Jun-03    NA    NA    NA    NA    NA    NA    NA    NA    NA    NA    NA    NA    NA    NA    NA    NA    NA    NA    NA    NA    NA    NA    NA    NA    NA    NA    NA    NA    NA    NA    NA    NA    NA    NA    NA    NA    NA    NA    NA    NA    NA   1.4    NA    NA    NA    NA    NA    NA    NA    NA    NA    NA
Jun-04    NA    NA    NA    NA    NA    NA    NA    NA    NA    NA    NA    NA    NA    NA    NA    NA    NA    NA    NA    NA    NA    NA    NA    NA    NA    NA    NA    NA    NA    NA    NA    NA    NA    NA    NA    NA    NA    NA    NA    NA    NA   0.6    NA    NA    NA    NA    NA    NA    NA    NA    NA    NA
Jun-05    NA    NA    NA    NA    NA    NA    NA    NA    NA    NA    NA    NA    NA    NA    NA    NA    NA    NA    NA    NA    NA    NA    NA    NA    NA    NA    NA    NA    NA    NA    NA    NA    NA    NA    NA    NA    NA    NA    NA    NA    NA   0.0    NA    NA    NA    NA    NA    NA    NA    NA    NA    NA
