                Great Lakes Average Ice Concentration

------------------------------------------------------------------
                       Ice Concentration (%)
 
Year Day    Sup.   Mich.   Huron    Erie    Ont.  St.Clr  GL Total
------------------------------------------------------------------

2014 318    0.00    0.00    0.00    0.00    0.00    0.00    0.00
2014 319    0.27    0.00    0.00    0.00    0.00    0.00    0.10
2014 320    0.21    0.00    0.30    0.00    0.00    0.00    0.15
2014 321    0.21    0.00    0.30    0.00    0.00    0.00    0.15
2014 322    0.51    0.39    0.52    0.00    0.00    0.00    0.40
2014 324    1.14    1.00    1.62    0.00    0.00    0.00    1.03
2014 325    0.71    0.93    1.89    0.00    0.00    0.00    0.92
2014 326    0.50    1.02    0.86    0.00    0.00    0.00    0.62
2014 327    0.48    0.50    1.09    0.31    0.00   13.69    0.63
2014 328    0.33    0.73    1.14    0.10    0.09    9.57    0.61
2014 329    0.37    0.47    0.68    0.01    0.06    3.48    0.42
2014 330    0.53    0.54    0.65    0.00    0.04    3.48    0.49
2014 331    0.88    0.24    0.62    0.00    0.15    3.91    0.55
2014 332    1.05    0.47    1.09    0.00    0.15    4.63    0.78
2014 333    1.17    0.57    1.38    0.00    0.15    2.92    0.91
2014 334    1.14    0.87    0.32    0.00    0.00    1.10    0.69
2014 335    1.20    0.88    0.39    0.00    0.00    0.35    0.73
2014 336    1.57    2.15    0.38    0.00    0.00    0.28    1.15
2014 337    1.38    1.80    0.84    0.00    0.00    0.05    1.11
2014 338    1.56    1.29    1.04    0.00    0.02    0.10    1.11
2014 339    1.66    1.38    1.06    0.00    0.02    0.05    1.17
2014 340    1.74    3.20    1.72    0.00    0.03    0.00    1.77
2014 341    1.75    2.15    1.75    0.00    0.04    0.00    1.54
2014 342    1.47    2.14    2.37    0.00    0.65    0.03    1.63
2014 343    1.30    2.27    2.43    0.00    0.67    0.14    1.62
2014 344    1.75    2.70    2.12    0.00    0.71    0.07    1.80
2014 345    1.62    1.93    3.30    0.00    0.58    0.21    1.86
2014 346    1.63    1.93    3.28    0.00    0.58    0.21    1.86
2014 347    1.27    1.30    2.50    0.00    0.59    0.00    1.40
2014 348    1.25    1.21    2.46    0.00    0.26    0.00    1.34
2014 349    1.16    1.33    2.48    0.00    0.22    0.00    1.33
2014 350    1.14    1.16    2.48    0.00    0.20    0.00    1.28
2014 351    1.10    1.43    1.71    0.00    0.26    0.00    1.15
2014 352    1.50    1.23    1.76    0.00    0.52    0.00    1.28
2014 353    2.62    1.18    2.65    0.00    0.72    0.00    1.91
2014 354    2.49    5.25    9.91    0.13    1.10    0.00    4.55
2014 355    2.66    5.21   10.16    0.27    0.79    0.00    4.65
2014 356    2.43    3.21    6.86    0.00    0.72    0.00    3.30
2014 357    1.56    1.17    4.54    0.00    0.46    0.00    1.95
2014 358    1.38    1.14    2.55    0.00    0.46    0.00    1.40
2014 359    1.42    1.04    1.86    0.00    0.14    0.00    1.21
2014 360    1.48    1.19    1.96    0.00    0.13    0.00    1.28
2014 361    1.31    1.40    0.89    0.00    0.07    0.00    1.01
2014 362    1.37    1.33    1.09    0.00    0.06    0.00    1.07
2014 363    2.35    2.49    1.53    0.00    0.12    0.00    1.79
2014 364    2.87    4.67    2.62    0.00    0.19    0.00    2.74
2014 365    4.63    7.97    7.73    0.62    0.48   12.99    5.47
2015 001    4.75    8.20    8.01    0.68    0.48   13.77    5.65
2015 002    3.95    9.33   12.73    1.42    1.14   17.36    6.86
2015 003    7.46    9.67   13.93    2.69    1.31   58.32    8.80
2015 004    6.68   11.38   12.98    0.76    0.90   24.77    8.33
2015 005    7.95   14.76   16.80    3.61    0.90   35.34   10.78
2015 006    8.00   16.20   17.90    5.64    0.97   50.02   11.64
2015 007    9.27   17.40   20.21   17.09    1.93   83.81   14.20
2015 008   12.95   22.44   24.99   25.88    3.26   83.03   18.73
2015 009    6.53   17.12   22.91   31.19    3.36   79.32   15.18
2015 010   11.23   17.60   26.30   51.49    4.22   94.20   19.84
2015 011   13.60   18.96   28.16   55.91   12.34   94.20   22.46
2015 012   15.01   22.73   33.28   57.63   12.18   94.37   25.20
2015 013   17.65   24.26   34.40   81.85   15.84   94.41   29.32
2015 014   19.31   27.11   44.17   87.47   26.50   94.50   34.20
2015 015   19.67   27.53   43.33   87.01   24.92   99.37   34.09
2015 016   10.10   17.91   29.03   86.24   12.48   99.37   24.03
2015 017   13.57   19.18   34.36   89.52   14.01   99.25   27.27
2015 018   11.62   18.64   27.35   75.13    6.62   99.25   22.87
2015 019   14.35   19.56   29.10   78.15    5.28   99.25   24.68
2015 020   18.57   19.09   41.75   80.08   17.21   98.83   30.19
2015 021   19.49   19.66   45.49   81.37   26.26   98.77   32.33
2015 022   20.34   20.08   49.85   84.24   24.33   98.78   33.90
2015 023   13.35   14.62   39.24   84.48   21.99   99.13   27.44
2015 024   12.52   12.91   24.73   80.95   19.84   99.13   22.80
2015 025   16.37   17.53   34.75   74.47   16.83   99.13   26.81
2015 026   25.11   21.35   45.13   73.68   23.61   99.13   33.76
2015 027   26.50   21.52   51.71   93.98   24.07   99.11   37.82
2015 028   29.96   26.96   54.22   95.12   30.79   98.96   41.50
2015 029   27.77   20.66   48.02   94.96   30.39   98.73   37.76
2015 030   16.44   22.13   53.77   94.20   26.81   99.03   34.99
2015 031   20.39   24.77   57.72   93.01   36.35   99.03   38.56
2015 032   22.15   23.96   51.86   92.76   41.39   99.03   37.97
2015 033   44.80   31.38   56.74   94.69   45.51   99.03   49.56
2015 034   41.63   33.76   61.84   94.63   45.04   99.08   50.12
2015 035   42.09   34.17   61.25   94.80   28.50   99.05   49.04
2015 036   55.86   35.77   70.74   95.43   33.38   99.02   57.11
2015 037   41.20   26.72   62.76   91.58   33.22   99.02   47.43
2015 038   43.27   29.93   62.06   92.35   31.26   99.02   48.68
2015 039   41.73   27.76   61.67   91.33   26.74   99.02   47.11
2015 040   53.89   28.15   70.56   92.46   27.80   99.02   53.94
2015 041   54.43   34.33   76.20   95.49   36.00   99.05   57.76
2015 042   63.21   39.29   75.52   95.51   55.83   99.06   63.38
2015 043   55.77   39.49   75.02   93.58   57.26   98.64   60.51
2015 044   70.01   44.43   79.52   94.64   61.40   98.64   68.30
2015 045   70.01   44.43   79.52   94.64   61.40   98.64   68.30
2015 046   74.12   52.13   78.90   95.22   39.27   98.64   69.82
2015 047   84.97   51.34   85.96   95.46   57.26   98.99   76.64
2015 048   88.83   56.92   91.85   95.51   78.49   99.19   82.26
2015 049   91.54   63.15   92.81   98.09   82.60   99.48   85.43
2015 050   91.64   51.66   93.53   95.77   55.75   99.36   80.87
2015 051   93.71   63.63   95.26   95.75   46.40   99.38   84.05
2015 052   93.42   53.68   95.52   95.72   60.92   99.38   82.82
2015 053   94.89   55.56   95.55   95.72   69.77   99.38   84.44
2015 054   95.45   62.54   95.94   95.92   59.93   99.38   85.61
2015 055   92.93   62.59   94.11   95.95   62.71   99.39   84.47
2015 056   94.64   65.53   93.93   95.30   60.20   99.39   85.47
2015 057   95.44   58.34   95.82   95.96   52.17   99.48   84.07
2015 058   95.55   67.41   95.51   95.98   62.50   99.48   86.83
2015 059   95.58   72.88   96.18   96.00   69.51   99.48   88.75
2015 060   94.14   71.16   96.18   96.01   76.13   99.48   88.32
2015 061   89.08   49.15   90.25   95.97   56.15   99.48   78.63
2015 062   86.76   48.48   89.00   96.05   62.04   99.48   77.77
2015 063   91.13   51.71   91.24   96.05   59.20   99.48   80.43
2015 064   94.02   56.17   95.40   95.65   55.24   99.48   83.15
2015 065   92.83   60.98   96.28   96.16   49.69   99.48   83.65
2015 066   88.21   60.64   88.59   93.58   54.53   99.48   80.17
2015 067   89.99   48.96   92.14   92.82   48.42   99.48   78.51
2015 068   85.74   38.10   90.17   91.78   45.01   99.26   73.69
2015 069   80.53   33.13   82.35   91.73   42.22   96.40   68.59
2015 070   75.11   32.78   74.08   91.99   37.87   96.24   64.26
2015 071   76.10   36.47   75.17   93.99   32.57   96.24   65.51
2015 072   77.79   37.06   76.27   93.78   32.16   90.85   66.45
2015 073   74.49   32.80   72.57   92.70   30.14   90.85   63.16
2015 074   72.66   33.06   64.71   90.68   28.89   90.85   60.39
2015 075   71.73   30.51   63.43   89.87   27.11   90.85   58.97
2015 076   63.76   28.46   62.58   86.56   26.43   95.13   55.05
2015 077   61.21   27.90   56.66   85.14   22.90   94.19   52.18
2015 078   60.68   28.77   56.99   87.32   23.10   94.73   52.48
2015 079   61.59   28.88   58.26   86.97   22.26   85.32   53.01
2015 080   61.22   30.35   58.07   87.25   26.28   85.20   53.48
2015 081   60.53   31.04   52.21   82.45   24.77   85.22   51.43
2015 082   67.38   28.97   53.50   83.46   20.85   82.71   53.57
2015 083   69.04   31.20   76.68   88.40   26.96   83.83   61.12
2015 084   69.01   29.91   64.25   87.76   24.48   85.48   57.62
2015 085   64.14   24.31   52.02   83.97   23.60   83.04   51.23
2015 086   68.81   24.60   52.23   82.43   21.73   83.20   52.78
2015 087   72.22   23.46   56.50   69.58   23.45   73.77   53.67
2015 088   66.88   21.61   59.23   71.25   21.96   76.30   52.01
2015 089   62.88   16.61   41.77   66.16   20.65   47.50   44.57
2015 090   62.84   18.09   44.14   66.14   17.11   47.50   45.20
2015 091   67.70   19.53   45.54   65.03   17.18   58.35   47.57
2015 092   59.08   16.69   45.31   64.79   18.10   50.12   43.74
2015 094   49.21   12.90   35.84   52.80   15.48   10.02   35.55
2015 095   51.31   13.31   34.26   48.28   12.57    8.97   35.39
2015 096   57.18   12.25   36.86   46.51   12.29    0.00   37.70
2015 097   57.87   11.30   42.67   46.07   13.18    0.00   39.15
2015 098   60.15   13.98   43.57   47.04   14.51    0.00   40.99
2015 099   58.85   12.83   43.85   48.48   14.51    0.00   40.45
2015 100   58.85   13.91   41.76   42.97    6.94    0.00   39.13
2015 101   40.47    8.51   30.82   29.25    7.05    0.00   27.31
2015 102   40.42    8.60   29.77   28.21    4.27    0.00   26.76
2015 103   37.69    8.08   27.42   28.83    4.30    0.00   25.15
2015 104   28.57    5.56   23.04   28.96    2.85    0.00   20.11
2015 105   27.52    5.30   23.00   25.74    2.27    0.00   19.31
2015 106   27.00    5.05   25.28   22.53    2.23    0.00   19.31
2015 107   25.65    5.12   23.66   16.05    1.18    0.00   17.76
2015 108   22.67    4.03   22.59   14.67    1.14    0.00   16.03
2015 109   21.36    3.12   21.21    6.13    0.56    0.00   14.18
2015 110   14.72    1.90    6.74    0.00    0.00    0.00    7.41
2015 111   21.69    1.82   18.88    0.22    0.02    0.00   12.86
2015 112   15.02    0.65   13.24    0.03    0.00    0.00    8.80
2015 113   13.96    0.65    9.78    0.00    0.00    0.00    7.58
2015 114   13.59    0.46    9.55    0.00    0.00    0.00    7.34
2015 115   14.95    0.21    9.00    0.00    0.00    0.00    7.66
2015 116   13.97    0.36    9.43    0.00    0.00    0.00    7.43
2015 117   12.60    0.29    8.32    0.00    0.00    0.00    6.65
2015 118   12.91    0.29    8.58    0.00    0.00    0.00    6.83
2015 119   12.47    0.04    7.85    0.00    0.00    0.00    6.44
2015 120   11.97    0.02    5.51    0.00    0.00    0.00    5.69
2015 121   11.56    0.01    5.60    0.00    0.00    0.00    5.56
2015 122   11.04    0.02    5.34    0.00    0.00    0.00    5.31
2015 123   10.59    0.02    3.71    0.00    0.00    0.00    4.76
2015 124    8.68    0.01    2.92    0.00    0.00    0.00    3.87
2015 125    7.35    0.01    1.13    0.00    0.00    0.00    2.96
2015 126    8.10    0.00    0.98    0.00    0.00    0.00    3.19
2015 127    8.08    0.00    1.05    0.00    0.00    0.00    3.20
2015 128    5.53    0.00    0.62    0.00    0.00    0.00    2.17
2015 129    4.54    0.00    0.35    0.00    0.00    0.00    1.75
2015 130    3.63    0.00    0.36    0.00    0.00    0.00    1.41
2015 131    3.19    0.00    0.29    0.00    0.00    0.00    1.23
2015 132    3.16    0.00    0.29    0.00    0.00    0.00    1.23
2015 133    2.13    0.00    0.04    0.00    0.00    0.00    0.79
2015 134    2.26    0.00    0.07    0.00    0.00    0.00    0.84
2015 135    1.64    0.00    0.02    0.00    0.00    0.00    0.60
2015 136    1.38    0.00    0.01    0.00    0.00    0.00    0.51
2015 137    1.29    0.00    0.00    0.00    0.00    0.00    0.47
2015 138    1.00    0.00    0.00    0.00    0.00    0.00    0.37
2015 139    0.63    0.00    0.00    0.00    0.00    0.00    0.23
2015 140    0.45    0.00    0.00    0.00    0.00    0.00    0.16
2015 141    0.48    0.00    0.00    0.00    0.00    0.00    0.18
2015 142    0.16    0.00    0.00    0.00    0.00    0.00    0.06
2015 144    0.13    0.00    0.00    0.00    0.00    0.00    0.05
2015 145    0.03    0.00    0.00    0.00    0.00    0.00    0.01
2015 146    0.02    0.00    0.00    0.00    0.00    0.00    0.01
2015 147    0.02    0.00    0.00    0.00    0.00    0.00    0.01
2015 148    0.00    0.00    0.00    0.00    0.00    0.00    0.00
2015 149    0.00    0.00    0.00    0.00    0.00    0.00    0.00
2015 150    0.00    0.00    0.00    0.00    0.00    0.00    0.00
2015 151    0.00    0.00    0.00    0.00    0.00    0.00    0.00
